0.439881314865649742,128.024454477079245862,0.542643694436376944
0.588790650488509870,191.745656019759167066,0.903833561749266323
0.471663191242891466,206.668317003310278324,0.818578017380439227
0.102259795009841198,153.827375485314604475,0.814335051141626187
0.304208984400648752,146.355066481530400324,0.780881152440150217
0.981033834750658418,77.340958841668353330,0.825118836510251197
0.547768824690483380,205.131218900758057089,0.857329931827468972
0.314897304671150846,116.034037522391187736,0.516289521891804215
0.417165182563943415,89.658491265287437955,0.885130648264064956
0.679698744265173849,104.158261407130709131,0.701090381881181890
0.946723513980388232,212.887106329757642698,0.632073857008883966
0.473536566225372269,181.749897952001504109,0.910415712686285961
0.390881331940192756,203.421100130809577422,0.570019200611602161
0.209773734221115282,196.108937912374329926,0.502205509146288032
0.135998336035165118,170.669260743291147264,0.695016012428208541
0.276178611844041300,125.772775622047802813,0.830965321295168313
0.166435997425475768,172.961470343996921883,0.765538216878378752
0.850044614615498517,196.411787877012528725,0.768917214663101367
0.084475773094319584,84.777901423200006548,0.672360918570943156
0.030557289077362888,25.692767306048985176,0.878384870210130786
0.436251337118457982,79.503455401358763766,0.529619157420520348
0.670605757159957516,35.443182393052879320,0.644571944632531646
0.184920823737078660,173.273723511333969327,0.873948226842037101
0.102682640611815229,240.888021142815574649,0.507602935155554769
0.430641671378190594,220.120650584578271491,0.807452657302702215
0.940485007470608148,172.625502991988639678,0.936155220108797481
0.168022695261357047,109.109987564128985582,0.783980605193352775
0.437724195041419406,102.684865696033654103,0.699235634835882580
0.477770496123651800,69.759540247098556165,0.981552980713787160
0.702885142917348715,140.183736736632795328,0.922853893342247544
0.274587097187051654,127.421851616075642255,0.665728921301729337
0.885876794837908932,139.990859486779470444,0.522063442198660299
0.483981882168183442,139.284316244336935142,0.830553912032573227
0.176872004320862891,203.073400472007165263,0.743469916102838746
0.865757027185941164,85.105981537074967491,0.730823535123152568
0.594378600067673069,208.317297584652010300,0.692495049229142512
0.076884862060295420,26.728600063180842028,0.697099042930932722
0.918851978421112325,107.493349657008906206,0.628320639570423389
0.134329420616372125,172.725878441412703523,0.596178331030532083
0.234980048561442861,68.672765065565769760,0.719775026012935082
0.930292579351869042,185.079667441227883273,0.959965367474181153
0.128107200965416335,122.761378485088997081,0.915622809627625989
0.627100203457572669,70.779876803921297324,0.894848074175912389
0.507874201824283444,166.577391912270229568,0.697263035238582574
0.827907833148342598,184.613936147446764835,0.850975312004026763
0.791788193345210112,191.286161204082674203,0.658630211011027034
0.286977717561005763,94.474251154962402666,0.991305618934571919
0.890767774341933882,95.770723868503779386,0.922560065799767459
0.930515599978159469,48.244501248067287236,0.678146871195853373
0.187078634761994295,76.931073789801203588,0.854174529621336331
0.130353559793542573,66.626316672511080696,0.881671368472524475
0.560346695862069311,93.114097103566507485,0.529354921424845748
0.961203835996381151,115.909955483815934940,0.918289546488381792
0.775443201730210308,159.951075824852466667,0.943497853941665077
0.893635051442217332,140.049038306064090875,0.890179094367455126
0.097142342828345510,174.581260979354738083,0.920305616855312092
0.289873282076059724,135.374379193665333787,0.929771417309771420
0.766173395694680570,40.093306459048420720,0.873760060273367056
0.815358611825720669,201.319823505713742406,0.551911194989086362
0.400201136464305551,64.143901613993065780,0.627961973723849431
0.193508813957520759,89.753540642658521165,0.598205122105434084
0.393565595417480707,72.135584709764017930,0.710929630533436496
0.878229276785118529,174.488561076020886276,0.973501014775574935
0.772803417791419922,199.226712657138222085,0.851067630377093431
0.751372731069193223,39.613066560131144911,0.692388772493271132
0.063199690429524530,198.127111718872384927,0.693716591579398467
0.361276102301614666,188.032030598121707499,0.934971430790414337
0.880900895102550652,208.603044548277836157,0.899779368523737855
0.430060806146961128,180.839785871040106713,0.847759828846267327
0.148904503187416742,190.903050242669053205,0.794796688984549360
0.226987053292650287,100.424601347705305443,0.564828877200467150
0.518207453648644512,176.496927625724168820,0.572451915660991628
0.028656950427291307,119.039483152697798118,0.938571115095153674
0.478151682510662035,40.335747736849313583,0.704465916098534928
0.950068173463327281,105.125125656727476553,0.912437920031315297
0.637552195527317900,63.109780694604474149,0.534310306210989960
0.432636877157948574,196.808236801182715681,0.670747902919771488
0.960990029338361751,190.540636169174717907,0.853339119799468748
0.786401896281177959,229.203362985360939774,0.788679538857732232
0.499106744279245340,48.862467791929702798,0.586845771838229613
0.989125077747887049,132.680974829858882913,0.666064210141433577
0.622406972416287951,130.492507434918110221,0.564548533966855226
0.781243733717475686,106.253006126836936573,0.614468322151435098
0.496210555430987021,79.000535188686782817,0.940243391681534368
0.190497526485167795,72.454407526204491319,0.948186502111897700
0.616838657052840911,96.775423522310504154,0.728493990802348446
0.087934198022013285,42.622946451238384213,0.635527588830625323
0.169548632013087758,114.666851385558615561,0.661340496371762065
0.434994407831966579,32.381897936214606659,0.543772068731988467
0.703752184316050244,172.993232324101114727,0.874499662444532921
0.070366089934081513,158.422541192172047886,0.599861575021093940
0.546168649811451634,72.801030125254953873,0.543891151347699719
0.532893697904119112,219.223411001199508519,0.701403306314943964
0.362363977215584110,141.740155794311817772,0.573469809619677529
0.788987274942277939,42.801976973925214054,0.594619706065570464
0.952149055087764373,170.185229060049437066,0.824249891941077784
0.406980621220606575,114.596146085482544663,0.546190873448511804
0.260897508492316021,92.971568309179502876,0.842244160197508918
0.389599779187353945,129.065775077131405624,0.622934970366572860
0.333078854465671315,147.892146075923420767,0.896724120205763975
0.012708967241689953,38.676522117482122098,0.797097375295933719
0.008301286960899492,150.701251744545402289,0.530736597959387435
0.000426690179444586,132.460126804934731126,0.686998434881106568
0.563125533628155428,181.900469736578457969,0.953069112279227970
0.029117983758190118,178.412606317511830412,0.694244281985352263
0.818991398874795218,155.490853298945268079,0.626155968127787066
0.262522388508403925,199.432109641532122168,0.643647143031797930
0.402185615441177202,169.311714514311603352,0.971280712248764666
0.511762449688536680,168.496101667270551161,0.691090782665861436
0.880107940766824748,118.078501092930252980,0.816601258623146142
0.773108347707600729,109.000023698284138618,0.590602185743572261
0.703053139856493314,66.064164127914565938,0.800290167188911550
0.560887947305675261,39.443970451656191756,0.694613623925821044
0.324077194767690258,66.098491101179774887,0.749268859383063535
0.352981970352962748,91.876921382167168417,0.846971020167761268
0.336201525182120542,56.768610364107217947,0.675646430421860900
0.447570074595331990,90.065607542369619409,0.980510207720181048
0.085509601464734006,77.837776803166974560,0.596902096118206771
0.748993334116909049,212.246073409294581325,0.530230636973896607
0.039431193119572459,146.499866463872535860,0.917849206640955373
0.365391208137998691,195.082857573904760784,0.522496947484739405
0.393534845216699458,122.021286098229381878,0.774401533334868719
0.859982431020745008,54.124639534564174426,0.765995197254950022
0.585537813710879984,27.579109410468380048,0.540896432302661490
0.248871014358601456,168.098316178944571675,0.979541186670558228
0.422676756554206223,52.572732105760330512,0.528979256707818757
0.193325462041512491,121.609763472250506311,0.943376632729704956
0.637831816009017283,206.138549802686497969,0.581971335963510583
0.066502858222394226,153.112028590613391543,0.605127275018782829
0.847084381425606159,62.493701648328460863,0.828948632399886587
0.346548826819434719,181.044315359733360538,0.848974790917193856
0.500638756906227056,196.702843833108630633,0.549997479778616127
0.498261063990272868,47.931695407290796140,0.800597554960806090
0.788192723889050706,183.456223454293393615,0.566222746136105903
0.100856634235720444,83.089227361993678755,0.738409393199428554
0.882611487517732218,190.923273748476759692,0.950127601563597324
0.294428759246272764,75.574008697810981516,0.778553673171059279
0.070904375335948081,197.608855909029074382,0.528634490697964199
0.748998866414481324,121.145149045489333162,0.999378439351018000
0.330709121008100959,201.699869290384839360,0.784010264586623373
0.700580776322857757,46.800563807555867868,0.680326117950214804
0.816914642611847208,219.052834903327294569,0.659324979559297031
0.903147501629634086,213.009683828923755300,0.884458808228316351
0.432642814959228683,82.779001770665274762,0.574685158108571792
0.259322667038404397,178.451772538556696190,0.501783440785948387
0.886797325405695003,192.882143975547535319,0.799345947306509097
0.720258943681370001,213.333369622256583398,0.786937396423055491
0.340141190350837286,176.846835217499233295,0.725606435096603386
0.074861523168257699,208.892404902215218954,0.796995654178820123
0.606957609388581676,196.101262135958108956,0.930444074655808917
0.882118913401115368,117.845611630043492823,0.838656599667219615
0.274279693415659387,32.597072189592026348,0.592004762435476617
0.369395369716754740,93.708528981667569724,0.718848300786474215
0.894806300122525378,63.216375637273543475,0.917319474859130346
0.276451304047593382,110.977815538871155354,0.533085201868113367
0.424801786475672349,192.532555143583635981,0.644585501230808378
0.220899495636427579,55.941567861783745741,0.554884213396547255
0.499637800563148105,34.196328391707055516,0.872948017764724304
0.232709413160741285,98.207786668014534825,0.989946225049403661
0.167554882532781363,215.540143119672109151,0.887223233912463938
0.365469939564490642,37.689962510125717188,0.738871673130578444
0.112524176885828456,216.924475316403743363,0.621399510156718904
0.297911298035076988,180.636978803285842332,0.917984390085322954
0.868461763615672622,196.941532984289551678,0.905964074088471016
0.267790318679895833,123.209068075692030675,0.979096313120989548
0.506418122101722767,221.327573233524219631,0.512935551031257986
0.503141427621583093,48.224521259526376582,0.744358255742262442
0.632662358902900235,32.280057854585379573,0.891604813944182228
0.035627196820005279,56.962721744403751245,0.828430987842921907
0.614888668648618908,218.689142426169894406,0.779747718699544623
0.465254391560938119,107.940807220215575057,0.905228186188340556
0.670180298413071585,127.556264884086559164,0.532341971028991945
0.621650135541853222,113.722241773618677030,0.649664706041552131
0.431685248624480211,46.472297366629234716,0.715548872096881117
0.847630730370645957,167.788102741705188237,0.588476946148694946
0.529180060764938398,104.177666872636365269,0.994491750311417677
0.634536420328316586,35.624890695135604801,0.841165652536076447
0.320671296440809883,109.814995995834721043,0.761379557601050361
0.771170961808374966,225.183501624806069685,0.640403812283904861
0.974012424733512905,74.084616909034139098,0.707922418271983322
0.194068128620815267,162.112994423754940954,0.537395927115325578
0.508547185131877244,186.229076195628152846,0.738618171733204543
0.420138099891708250,44.986944075561403622,0.716620500014277351
0.785464929030678549,114.001032645426889189,0.950629172659226307
0.409929686343516064,45.351526342872119812,0.875975381338512937
0.852207847712398658,87.786993029589822868,0.531115078925190831
0.387055929341729443,54.942014691670649995,0.532809068682883802
0.755232429760854473,180.563840863160152139,0.546220750017109680
0.952782774964708534,182.297753726178797251,0.976527138358966762
0.307674021915390450,53.327924195460049361,0.505491889367091329
0.482076319655620145,194.461881353457101795,0.716710814645496797
0.107356787514951729,127.049033535294711328,0.514341810165867108
0.061720308180146240,87.969394996112399099,0.717778441853546556
0.089961783467953957,202.092561595203136449,0.606145441020885967
0.556498108914529666,53.068233122836709015,0.717529326722352367
0.682540197790485914,185.840646542882353742,0.818419135001587250
0.172244376490205547,36.544512791328287449,0.871502866371948626
0.120883176153018745,199.155627515368848890,0.760833641839903208
0.348256328917496583,210.866524270856899648,0.557842029804287098
0.518443112137101814,78.398622810368436831,0.836036373524058685
0.139164720991362206,220.883874290606030399,0.952274701207156515
0.635285768340704826,138.332313904201328114,0.965626173328069326
0.971263769693160417,56.305682059852401267,0.540368156008111167
0.392583386413726088,79.417792365663530063,0.979135979982463600
0.603472648343274076,180.963992084184013720,0.841539714614672030
0.831765734802287882,131.636443566644345537,0.942856163381955104
0.227818083478422445,116.738665607483184772,0.603056666778349793
0.388685053860908292,94.333926867574135144,0.629796491186287222
0.242443215883487467,157.730738826901301763,0.834117455855756584
0.348138359907050443,48.890839393661543966,0.858452198578425141
0.268496452453741763,51.749921361634591221,0.763282551932991882
0.922728348686555622,95.536331012134695584,0.995451221864298574
0.689705708692016639,183.176226396026692100,0.796509774974495599
0.332158075651577178,117.313731705207914047,0.842152796790955893
0.949697645040647576,90.549802044219362074,0.655315147181879665
0.452771055256524169,172.218334162682253918,0.947394198478020200
0.247931576345959220,157.609390198515228576,0.905612213704178548
0.103212401816420191,197.133300339291707814,0.808055625083652584
0.365288171285135299,219.510107054437298757,0.513516712082166871
0.854985046314502450,215.718416890271328157,0.793785907402925872
0.865605533361189283,220.554474765038776241,0.774306947335581031
0.651942937037340631,135.486052943285812944,0.823258452516673844
0.233045424999966805,168.571574385742195545,0.550450529522350740
0.485872125387969367,39.188922647330031168,0.842257725309726757
0.604213589343025381,87.796068406579763632,0.749475588034390294
0.573094780771101764,139.133643737326991641,0.962721672683269580
0.229952288133752847,205.803085776118933836,0.896985246213786169
0.368377875036318581,179.400216701428206534,0.801390713308389513
0.109998492908890189,141.238359386517061012,0.817371377641687991
0.942832248897641501,88.912623290598261860,0.940075261761755376
0.710948949993262080,43.379261737189168002,0.865436380132653560
0.719930859442552085,144.526161374228081513,0.953347462384117827
0.889080216499948395,194.032320521588303563,0.849382045215808512
0.594708733737231210,207.281002524345296933,0.741669965471159709
0.843915119378548351,206.831936393224339099,0.761013209965122894
0.597933043617629445,84.235693502827260204,0.628552247000926489
0.681388764034411620,159.928437413319414873,0.985129908933259690
0.009877582344775085,26.907063628071242078,0.594246236613294454
0.142386490682320122,98.360506954714267636,0.973744042760983031
0.345071641625735004,43.562366632309689862,0.606915581648233671
0.697409014961376861,36.773082378124144043,0.721402677146433025
0.528646020094352243,207.018522638349622866,0.854864520544884487
0.725610274766440688,94.323901251531111711,0.950095177424000292
0.136671434409792736,157.237072385117841122,0.832301937164160011
0.004808086469079357,95.590083536385151319,0.758971246447487036
0.920071349477239897,202.985562742374128220,0.931043462441394132
0.574080873865693508,75.431804269849507705,0.827130752617423082
0.062548008247103465,196.691960754355676499,0.873357155922943829
0.551240852250627911,59.975911545987379725,0.916605538912497297
0.654638820156399848,204.097781779203955921,0.611899852320266779
0.396277075033275028,169.262527655906836799,0.890723361126250945
0.832862462284025606,177.353706511657890132,0.764394353891143852
0.087677576398248178,61.807853155404792744,0.808839468916231596
0.490540375140520957,83.122032837179659737,0.946706447848905008
0.174752634746934116,45.843288765300989951,0.523648317416232634
0.721573988126210319,172.271070711531706365,0.882418743636424807
0.259712524662307709,56.468892818427526947,0.953799054683172498
0.103913603249221553,100.400106651588259865,0.624008203016751195
0.663667537357703452,173.100482073091711754,0.696647337949559908
0.849481256707046439,194.521002777246138749,0.799091192136795470
0.360609418314676800,221.325890708434087628,0.759431433209433293
0.293962680330950021,168.286200767852022864,0.862054487882199294
0.282574804462260909,106.714361869388753234,0.847043839430072554
0.871469440440587162,170.709665653946814246,0.590971959106663336
0.803495082253055548,154.464973337027288380,0.543661151706501200
0.688826770794646825,83.214523351980886900,0.660650869348205716
0.843512792333637851,206.803852791536570521,0.803748303297997402
0.041038039549916347,101.135124670685399906,0.816558865551564206
0.124512538840018061,173.819646318602934798,0.864114979711164244
0.147747770812624274,122.313644107116076043,0.788131186860532407
0.312564772640671673,68.692918860935606062,0.761860699827157872
0.756536332497474762,81.885079885839630265,0.828958358803297934
0.401905067441530373,137.497312226721192019,0.896092890281161014
0.435512688280338900,90.291785580026214575,0.573711986056967049
0.086069698096463990,80.012714002538288582,0.885031082502432898
0.926195066249098975,38.536967657049714830,0.760562213448405910
0.243299592705654710,68.608005767740678493,0.536707717904448933
0.467415798554719930,213.686167717447119685,0.503714008693355586
0.301263229581028191,131.566528217489292274,0.899615495689614852
0.601735713706882946,188.639500363614331491,0.899918348528534029
0.298001378479514911,165.612191723445363323,0.955803255803471474
0.629988660262732258,181.946986687717014775,0.854719090640546186
0.638883747624891529,182.815290597784468218,0.553558162708391643
0.266711796915635790,197.819839513452393476,0.860135583419167293
0.910048593969135955,96.040765095100439908,0.660708405925127806
0.426944171176950604,41.687349254272469068,0.548279718415333517
0.491028302365570546,89.630886625766166276,0.553915537375438749
0.550349402660519682,182.255685207867003328,0.538414585685473401
0.324396815062438171,198.233514684522958760,0.632936282897777258
0.783481216116867829,153.118398273376556062,0.923228608188566557
0.855403339247942318,186.864930058492433318,0.550739687152235202
0.786877308971803191,38.706315241749265965,0.666960509359805664
0.441803961467054807,195.350215095967683965,0.707890491059511850
0.873251310673468395,201.529003558505536375,0.571243930966265245
0.723932908041951095,57.561526440452929876,0.830478441097189601
0.351360256913333613,165.034682987998365888,0.990744569488043014
0.117960936717855611,193.715228056677432278,0.870545442878711717
0.191885590053015004,117.906227520930713126,0.904966963734261554
0.566287315682265091,136.945879975082817737,0.505605893105890991
0.958292749513116937,216.868047459089069662,0.530558535977844525
0.935180001486946355,188.237556544178460172,0.910596229472688701
0.687060461491614261,151.449668974293729207,0.583999791850158712
0.761018439645234301,142.184167555292987117,0.986348888834642112
0.541701735970041898,158.954098988496184575,0.506888464878601619
0.904627799846620007,124.569564319399447072,0.730561310153784671
0.127190103395777576,130.351798008324948341,0.511894470109429678
0.360177351202634777,104.958298294374117177,0.664678944346757228
0.277159602399077221,123.028986564757090605,0.565709629993549346
0.910992639501149948,218.772803275469527762,0.535527975446372317
0.066609848686623493,40.751239609466757940,0.575578943047709735
0.017470669848971575,223.352052960639156254,0.735823079362230459
0.292747415436631409,206.733097891793562439,0.551032340609656668
0.176800088465900340,113.333654472319921069,0.511359571266034041
0.293663610184745238,61.921766968464481806,0.736786972883424318
0.491690028090269016,131.746833547932794772,0.917256394079498438
0.341200649790796284,179.959792851266172420,0.718836083841871365
0.608799024389835908,139.331275193276695745,0.945455382393028065
0.227521334346695581,126.468225852475299575,0.788044927258247152
0.669608718076649789,207.255930553956233098,0.702771764755320327
0.695820957686994701,161.218354258916519939,0.808225444173903962
0.149677729920157571,227.531314987262049954,0.691569921144167710
0.530093314046659048,134.296895263629863848,0.858079313798812082
0.252305932298443780,153.209200272163144518,0.865016594829385310
0.653253825887965323,173.021842192000036675,0.729781454883689173
0.166815833951780179,113.501042277170654415,0.519195872421984506
0.962402789747192289,122.650652837398737915,0.811620558869413089
0.165793362625049567,106.153924590318851529,0.771686297927656861
0.198706652423025348,112.618868373450240483,0.839991452096812807
0.448355723358627778,94.895128751629826525,0.711433045432348643
0.249461539401099525,56.133594728518446004,0.572709579162609450
0.096206517057301183,113.848710269144959284,0.503086705173264592
0.729029662935722578,206.671840211214600913,0.566352912204179826
0.875330104883112137,163.072535579939625450,0.619221076135899606
0.463630488981966016,63.121240009153730455,0.816841945067254382
0.354180348246818266,93.601271475550205992,0.988085414929990691
0.607105829918732742,53.436584191868711002,0.840992216887428645
0.456181519524588630,192.765942784269611820,0.510604762948870805
0.560530442791660422,186.255856457322181541,0.586672937809041617
0.773944680846165300,202.724383499455996116,0.625873687727075190
0.226067811829539222,116.831882000383089348,0.823093941935351237
0.620873593452420214,119.722135680206420716,0.978053369609978462
0.820206088593514737,194.132192416121085898,0.905147328298939735
0.533384867002545948,203.774925989876408039,0.740361128002330116
0.235894656298146516,161.786069939263853712,0.912371563046705414
0.369201142935282112,141.640283400858578489,0.899919865919047046
0.281808011217565879,103.950792486546873761,0.522681136426431214
0.699768884461431151,176.364200066432402991,0.841252897689100054
0.958258666711211293,136.886020598294436468,0.808093037408603720
0.370013681972599540,35.696431712793803115,0.512640772241126141
0.357671783465180082,69.163522206233224665,0.538906143968432727
0.807273039141432891,155.549011763020558874,0.700625858520596112
0.769180504389292197,166.416126538979796123,0.578401285601943482
0.155584384002900200,195.119127970842725972,0.543145646286339101
0.478666823753135295,99.008281416551568554,0.768162333735924130
0.485340020185065169,197.652442436247810065,0.659889083460343140
0.378201617888419828,117.415757224294551975,0.921343888545392176
0.528473868680098158,98.222069983196561793,0.621535038763767145
0.544708569623643779,100.739904063422443414,0.941278027101631998
0.445503296905538693,222.370511687861579730,0.619563677798245838
0.769472588674995461,226.070885942641837119,0.822182454193479129
0.917778693096186093,70.299281159820040443,0.641262909605950338
0.685465528532899993,149.578226582412781909,0.777956681546738804
0.344029628295792700,81.786150851767303038,0.820141095032988043
0.466018071976860293,134.741534789320922982,0.879491759044909616
0.729936684552812909,185.101167848123111526,0.524368248880705878
0.924089824868102760,88.611429170432487012,0.823128582309187617
0.451841846757659593,104.566871794533284401,0.763976564620400755
0.361395734872347774,136.941075758043865562,0.984507235461930419
0.732100198287522597,42.307100802303153841,0.552266880600692733
0.654893787569465702,201.209948486940277235,0.501289223206395240
0.551536156496839181,207.958941494985083409,0.514480180972225143
0.799768355640145256,211.807283122936780728,0.550490564748683520
0.318511005304897288,115.517615251905951368,0.516346288351435478
0.600385145649404151,208.078829970436771646,0.703155381073909180
0.014922708395330542,124.739367405233693376,0.651176674066391792
0.314225339819900584,42.768740997948377469,0.528886222284944862
0.049562443230601952,37.109088244164006198,0.909240998150468327
0.846114516064000011,103.708204934955830367,0.762602133890150968
0.470728659844427189,186.917894547289392904,0.775157549420468661
0.175809858478144621,34.311163649048509683,0.942131342649408565
0.754694644487068467,93.489095892401309129,0.697125334760026250
0.483508907152602474,117.144088312121979811,0.569110196476392827
0.729973244324453430,161.401646969676761501,0.715971878766521796
0.940070706029410119,133.371638850766828455,0.828275783673987132
0.115734508355054486,86.950583681597933605,0.616366359815084031
0.072509924387442679,52.097671282257820735,0.982380541746597613
0.612902581861478279,145.436166051835868984,0.955653550445097366
0.506185997728328618,169.622528131998052459,0.948729490153733868
0.280074445863130517,137.336299968503993796,0.885424707429427249
0.472330271685972636,207.413387975447591316,0.749389380654724602
0.689440020984645296,204.644541144846868974,0.703985310588813751
0.055940304212970568,243.612910758502579256,0.622382774779717818
0.383565496128564998,124.425832547985848464,0.982778434355967012
0.980659610844404006,33.214854007694590621,0.766450861981165632
0.070762366720981767,215.256563953060066297,0.616620848572340563
0.917330486492680008,200.230135024479466210,0.735251313366083958
0.753378928999066777,176.462034129919061343,0.801968523666668154
0.961878435216320882,226.340554007070210218,0.720862750032535859
0.172162650833269842,79.962862329151832341,0.772046559227882123
0.393719755883736922,150.521706071645951397,0.928831611978025218
0.337884667875860967,139.732568056362651987,0.503483567675844679
0.357706151978114784,119.073915159108324247,0.538823733979080566
0.800661278554652633,175.203327758301838912,0.698360990171055795
0.669595772863338157,35.202255001112661148,0.624208536316091855
0.032189730923529933,184.462344473512160903,0.675434426158369794
0.543181395581669557,55.131025961191383544,0.680114168863042212
0.491932999064588983,128.588584020208173797,0.834965510919315590
0.073187394710999054,60.331660458378792100,0.834799351440687065
0.436375175759507128,218.308692138592135734,0.782458081909191305
0.414822489641028525,98.922692301421662364,0.691193237937020366
0.502900999589044106,96.249314219624423572,0.786121534189200388
0.484714183416159516,54.179991918186289013,0.811993052094099665
0.054990013107663056,146.938417391437980086,0.996535966732625011
0.322564922691660483,130.314540298525002981,0.878038963527720262
0.875643697882113159,57.208568830746123979,0.655121050546764505
0.953563498114325392,142.377948779314294825,0.839156927805830732
0.886790314317473238,73.159125255676343613,0.938266819386426199
0.000643006465195407,86.250907895869815434,0.706703100544952778
0.688034523101095363,131.237428752788503061,0.866691793712905945
0.027217945826894761,176.509476485459856576,0.707191250929676496
0.518524338587139533,57.619658832467031573,0.925741155557297191
0.916604315620241916,192.443424524290350064,0.812530767924318220
0.936652665270880203,219.126100764629853757,0.652941938506219066
0.777534563526478761,109.574865926640072189,0.791245489094246301
0.343060441737540633,107.852209814698952073,0.989736809641288073
0.075822603515736373,80.374842335293664064,0.756859075615226473
0.884856351502272265,209.922553475753943530,0.603079548195178616
0.703393584978623698,37.395244455399954120,0.816380360738482858
0.555657294262110191,212.429807752148974487,0.853380492963346393
0.391954240037594714,112.271041633121114955,0.706816012744504563
0.145905421532999208,211.906214230683588085,0.508821678068360317
0.550088775087562043,208.909395377497673962,0.748232197878855532
0.431912292625662830,120.429552821747208213,0.948722715949235518
0.814048865684162792,110.819841386778932701,0.721215278525970560
0.156224845396018636,35.635164583986544073,0.909938586157363227
0.357196878973585430,216.312300685179110360,0.594221079894643678
0.189561413974839249,200.218306176746239089,0.881248191435241135
0.900360036145053000,82.103757982452989950,0.835956557135414835
0.336886004814966056,175.605711058912845601,0.717171174620437224
0.432137978405871759,168.132031701104409649,0.630704586891877694
0.492849418726520994,141.637111188210752744,0.619858331303479115
0.155400544756375214,174.955277643121888786,0.966832563326083139
0.308134838204198569,73.864211000307236077,0.989810095785055521
0.212222274168514219,214.241682502134295873,0.570329553133925971
0.100895979232210067,202.085540540671303233,0.528891370678850947
0.952726314718104428,184.091322684195091597,0.604312192626100475
0.111861337721533408,67.300631676786110802,0.544924548712828360
0.193242756041052816,151.530385785423845846,0.853431007624594118
0.910272502689870477,121.443842669054618000,0.850209193526579532
0.725644185355863391,134.272686495406475160,0.527981995954134642
0.953242512204200976,33.397924694440014548,0.704637976212089678
0.789974517729280179,47.866451143592982476,0.706126512864884259
0.545739064178283440,210.060511821178977243,0.678531418735088487
0.586153931687547702,45.984787932919381603,0.893156422686434803
0.925043092954376811,165.374527565874501533,0.923062378889198731
0.041505182800764831,129.616968704186291461,0.795575342908777183
0.562304143124850997,109.780879814577758680,0.750783620218688941
0.287854450496356051,201.234154930318993593,0.822812455099746543
0.903688134858052328,185.692874505598979340,0.575132042326600201
0.386296200524834099,186.208339358669064723,0.951784484715840873
0.021901956896208889,59.110772737227989637,0.729379733633850447
0.365591533321479867,188.707645180649080885,0.893645430571589516
0.703120552081190398,236.945971825260215837,0.595928890543120149
0.224430156402786157,60.743720893039302666,0.543052700752529538
0.973801086592776866,74.643655800907225739,0.570245729990801475
0.525841796761868041,87.406735112823540135,0.756495015907908464
0.289937883582487677,29.405455144084012176,0.514848796974892498
0.067365181191627307,172.376361691052323977,0.707923416778868941
0.416648766996860320,79.857344366778576727,0.949331460391283466
0.727359726997749534,64.859944720228313031,0.817307709175790320
0.861097991077969360,137.551809018203556434,0.538382591411841971
0.446980657222698419,108.196082205473047111,0.880478203418467609
0.856510562956122379,168.164555694697895660,0.772213828930151780
0.655757501447635227,30.684529239807314838,0.523646937732139772
0.805458445637384113,223.365520507244269766,0.753299080222740725
0.507142115277062211,89.884946124824608660,0.646390128317390178
0.874457267768227520,218.660486178266495472,0.761537485691978544
0.238435742512342813,201.238399797723275242,0.773511728188777781
0.682595283274003095,67.197623835029020256,0.592054213951057062
0.772579904880237311,221.343727269111838041,0.626310404776015406
0.732534992714153455,179.444090942934082022,0.898836227565246060
0.744688574199137254,47.455539077836775164,0.879897166442707102
0.639156868380259979,60.688917101338581972,0.691696747850576998
0.559201602672702691,107.707803896908544061,0.786196554566316874
0.348092686389703698,155.587147257799728095,0.697285051017083379
0.776539264296550624,36.985074419756969633,0.556451294415823638
0.594937296835191698,200.043749260011821889,0.716509923755212830
0.866805157282763528,192.876964514900947734,0.575267726254437783
0.397315748495486620,129.769833288435961549,0.655119991639179222
0.449984361360163510,39.765181275734398980,0.544773084351337866
0.414919340341782183,40.459256506161224820,0.843583666270761090
0.626679987142983785,81.797001745214487300,0.696086527278361289
0.500689053185766730,93.005576502892850499,0.811262418119716444
0.711729609738649627,213.979419788222713805,0.961857657199494231
0.293093997620656133,81.351105570199067074,0.901576296338184480
0.341782142431429903,202.936688784063221647,0.550165922425030707
0.058088588674993245,152.549362107150017209,0.911564446841600540
0.205035262804981328,150.426473506284622772,0.654868668630688266
0.762628761295933821,214.224707355803730024,0.555085767015640053
0.796992591538069339,169.934414608678338254,0.661047487154323710
0.232520655427423034,119.949433729841700824,0.520948193859369080
0.843200837159930883,168.818835565630877227,0.780190220791698641
0.198147612257907196,25.712532655970402828,0.738866304488786096
0.209597042277786111,158.818850681482416576,0.824021170691735638
0.655255040158499447,218.084878542120463862,0.659454072547249193
0.745323004573624881,236.536938627331039697,0.972339361108466416
0.645076713358406328,190.000742615727034490,0.968398396347174062
0.128776712953698552,121.568723150365059382,0.803720063263391515
0.542311049635757381,184.420534114302142825,0.870158750097835720
0.053726937611270252,29.691279738575016012,0.919536186911697917
0.230427361083666682,41.124235201540621176,0.871157142358107595
0.873867502029724408,31.676921472658104761,0.767786158283642828
0.549989620997838102,66.234771564064089944,0.971195344378448899
0.935229049130326340,175.514887765724722613,0.853740108654490348
0.780268039770789845,173.367893357373191066,0.611782175765725911
0.394334520666396238,190.569946781471969643,0.657241889215816055
0.281634975538469112,185.511720817618908086,0.666996743057508223
0.903066023068634594,205.737614097775207256,0.811347833829292653
0.483249882409350184,39.370020055016574645,0.663166246671622939
0.907077646097416035,191.257639097466267231,0.544513191314300538
0.596919864706542791,164.658916596498045237,0.571208015394439772
0.725938420876220514,201.140608802977538971,0.508119348820754491
0.219311605207965915,127.643220696359648514,0.762799247482679799
0.549227980145123862,65.971554035824709672,0.728861605411647129
0.723156839578114274,185.173392998320792913,0.856969218039944303
0.544359344652319943,226.342338127470327436,0.813784221676676855
0.250000980915706161,89.171200575026887236,0.980053762722024269
0.246976803469926565,129.551055530836350727,0.836584765605668523
0.898281954804303728,194.453637997170574181,0.927812154911672349
0.571774781215903971,111.192087225697690656,0.962505813084841177
0.931338127528309134,159.829870616489301938,0.755597077715555288
0.211979938958159420,203.384121423869402179,0.865745619654859411
0.587205943556043386,101.813726428289257342,0.769480950015452914
0.271683292236329033,83.817194790961579542,0.866104108701030051
0.828403134608788227,191.650831944985128530,0.888122481171887523
0.169548632013087758,114.666851385558615561,0.661340496371762065
0.677247787949705971,206.891269392777132907,0.737422515824631364
0.366538815268129592,84.773802225555002110,0.966983162131799912
0.406336049683469314,194.160978772595427699,0.729663427747992199
0.138145760502436044,66.308728432696256050,0.727488325965446880
0.533394692062679643,51.047512786578167265,0.625156532908008766
0.920364709765838840,182.542611984949559201,0.738323049530392628
0.186293590893902850,123.906486743469585576,0.842180879586369224
0.701130119523088680,195.694602613800157087,0.746245807319487531
0.197630161799560111,103.470315567737046081,0.757853264056661313
0.000662493320043195,57.578144083873198156,0.728558155736543478
0.489036843250539366,138.984410164137273114,0.857554017311161432
0.142584727652565746,139.871628638916121190,0.654567251726982824
0.342695634538397298,167.530568157590693090,0.880007791216512181
0.708006312890544165,213.040098225741616034,0.736276915763028672
0.026714538598486638,127.463364050237728975,0.725070733129538292
0.440108678186092006,67.873184036327145918,0.624274913993268177
0.698224078024171302,138.023788507998034447,0.850087094994728232
0.554471592849837824,55.966752725121182266,0.958909421734505218
0.545164354793474026,131.214761051950574711,0.549084408139053015
0.209590231599224991,93.546049194398847249,0.682613373167676230
0.093241164929222589,195.989593519707710811,0.685604548060114727
0.122957017653129969,197.915108006654662631,0.589203479800975982
0.529266241162014262,124.780941859161103480,0.966453567440763384
0.733586713448821426,57.884867025271823593,0.899076264266691405
0.096656355407744740,31.874911601457764476,0.723789497039783458
0.526213327280209198,213.862479096152867442,0.560759517008349140
0.659690237412480118,103.576432971434826413,0.576808838537997803
0.374046597152893956,177.768745677304224273,0.784586178418466784
0.120224887287237611,235.296953885521162420,0.765192979684534036
0.686083851028865821,95.052234686090301352,0.632605279199146553
0.382066749702779762,145.436726862159559914,0.588801630939854603
0.497362075865795339,84.590225332719356288,0.757791750996173019
0.750702008883048388,200.071882767861495722,0.532659592459962639
0.701152686210160692,48.596934599588941239,0.993933669888388938
0.923982863924724396,137.007199220019941777,0.978586096366190872
0.501303766918118621,82.192199905156812179,0.697079427347677028
0.905418124475460773,203.217310935592990973,0.596918962363434447
0.503608887211206779,181.505171420768448343,0.862634502541085868
0.362043367364411617,146.103845061584252107,0.932756749955028441
0.456789455021209156,166.047707145900574233,0.926265688822950461
0.493557771085015529,201.402638750448375049,0.783406130448976001
0.675058241296979000,191.501489427291176071,0.793251412335295281
0.927479028002173300,75.115437265132698030,0.671929854039690411
0.741042838844807483,67.611268028317866197,0.752789436338106688
0.600237578656595550,135.595196982438125133,0.958245891188812204
0.424642198889263967,144.768648900573225546,0.766815783759967728
0.526536929552802402,212.961820331649335003,0.516048481479773558
0.245015873704806514,197.567890092367747457,0.543554976072494367
0.401036023415664300,147.531602595621649243,0.658266621526279350
0.919404082888343743,111.647605741580974836,0.792671820386169235
0.059375902754350444,50.591566956410638056,0.848553117421453340
0.476753063339159899,182.409937033867635137,0.575760237423029841
0.558899830326672786,129.299850692458562662,0.995055161862147375
0.696654749709084808,55.280188980736696180,0.903868619575981858
0.929952435330147487,112.197089654367388789,0.996080244263930270
0.819610128794413639,110.490456511312061139,0.995338162500797652
0.447915491602417004,182.771151377768717339,0.759564040484524861
0.485057210665127525,191.660556440008377876,0.780124797836697526
0.578290822410169381,173.371618553513599181,0.837757622064817520
0.664179434761171028,63.600427498917767366,0.820976751016939232
0.698544066201132519,131.738818909901169718,0.604206715700784214
0.295561015549320905,123.352716042124896489,0.513132823691198836
0.704524901331111786,82.703205398374336710,0.884408363131736430
0.161064301955939987,77.319117319785178211,0.902485644454407043
0.096867765706089459,193.472027256903487569,0.819510290339142355
0.972081371537376615,168.704468815712459673,0.958094355732765024
0.770341703321446913,220.378148951368387998,0.588129252016555637
0.919339076301373015,122.746630338161722307,0.981943843097926816
0.920960407073552534,198.393434374442165335,0.884974273528644995
0.199459203302898652,116.731723113893679056,0.512898501338535096
0.375197972808596625,204.853375382897326062,0.762248948820805294
0.484363398797294509,186.479013264212909462,0.772246260225598169
0.129419609064478580,151.006733357542344720,0.560841350500210445
0.710113145581372396,138.259335093949346174,0.650369968151116584
0.658472499571366887,202.805230642142277020,0.823571597026917401
0.972181815064811050,72.590113871237250009,0.592063635963419377
0.922320854375710986,110.233243994111788311,0.953571155281456195
0.963289006072485909,156.679028305895513995,0.981354746903497444
0.920137564157693544,176.141877523249178239,0.769142938096939677
0.326368959418154747,78.074055467533966635,0.732149172175683649
0.390846906871318789,203.602404280107862178,0.826164011193978420
0.496037588013432229,72.578574785509104572,0.979843023974242944
0.754647644608998691,223.008990009978873559,0.572868622305302111
0.314581417938106955,73.371069794287777199,0.522568671372113602
0.741851597461279932,145.144853219936038613,0.958207079491072533
0.860133332491048619,145.086140441766730191,0.597239450255832471
0.830617003400544673,110.163911178375073519,0.576335075116225282
0.944762283146689530,188.340360284387628553,0.886996999924535623
0.916592577367175698,30.993305499823055271,0.779475908272837192
0.610285048553848686,168.987767399365452547,0.548999411451248420
0.734046509819545223,173.722633953044606869,0.634801252034988162
0.570557486142760806,187.113960001207914274,0.600489859318315999
0.238863003784805211,116.836094855875771259,0.634183430919248559
0.199605361568155143,124.034559346634139843,0.665688192858779337
0.749626989004061661,199.393612523833525074,0.591845779001257455
0.947486906609071755,63.206519703948835343,0.634222715513901303
0.792554734392673099,97.632910933857516511,0.844571904292749864
0.608893446029399987,190.287304398367865588,0.806188848442880412
0.298636885516458173,176.494679661986538122,0.861565404028502457
0.316112846983980289,61.973809321057494515,0.626756492672614907
0.251870110000800285,209.215834975353459413,0.630984927105037730
0.310162809830958786,172.775636943991173666,0.767298668590956412
0.735581614013029350,215.912182214879123876,0.525130112279795003
0.928378435621810327,136.405053724734443676,0.906228849062979402
0.731159469331220890,53.142720502563165041,0.689217163713573222
0.225422475012014706,90.431397939008761000,0.945372002109759024
0.551136485562404355,34.807768522659820576,0.531118279595416576
0.071321831944278810,72.650453482163115382,0.868945446659292964
0.825235636052803589,184.757911285405100443,0.596302355066125167
0.154646494696491887,177.923900985524511498,0.744696937287325444
0.063737973372056056,153.489893980859477551,0.682450660707926593
0.225064567746664196,41.546346150062831271,0.584543293211330250
0.175726250773181297,147.288645146375415607,0.772739237696876802
0.576110829624526977,201.147537209074556586,0.890625896257981053
0.007777793799648739,128.479051549415459021,0.626864209654574012
0.868390964954805167,172.202795862245693570,0.744336827079794205
0.551327781032393771,116.541429555845510890,0.703884964208211561
0.019035682664850350,61.023286753067658594,0.624484987089526267
0.853496177895111008,213.943187064512869711,0.579780519202824363
0.814952284652848080,42.078856293137391731,0.664036789980680831
0.400680282567072943,31.361043612239708267,0.643618812522016359
0.740360874532538848,174.017450164299901871,0.851927611423423992
0.729821569147988902,170.204701307607138006,0.622740373406290737
0.368293344275450740,185.628983136409146937,0.983208020734753108
0.789902392283211685,158.019605660902442423,0.914816741442389669
0.388357094436151129,215.675429688185715804,0.668523350366334146
0.367143378549658006,184.767858169893031572,0.617415883930521714
0.704502977273704811,32.845030056718833578,0.791296916482650325
0.686327055762882998,58.884293463405548152,0.879651436266673081
0.087956287341013781,85.976476955852433548,0.775531636761189858
0.179085632915829962,48.387481732754729080,0.816359679557740803
0.268232325989759768,149.119253284161317197,0.617255713844135578
0.566025793877794614,204.997325973341673944,0.798894475751387279
0.417809112475262978,134.285444196085137492,0.653410806933961141
0.716633948898328987,212.267452864288372893,0.804831380840872246
0.607712420719917046,207.727299382809661665,0.608220627748888409
0.142622013641779871,70.758297267353768234,0.923621221420368177
0.041772582992559100,212.685640368746987861,0.539084444442854083
0.789055250575990352,107.298595782712510527,0.733698686020078816
0.184819930913062119,52.437457896969377202,0.779683882839538267
0.948500655742150922,200.091999910748938873,0.974510118092817068
0.730412528555180574,113.927254598990046475,0.994081570155512462
0.836708342412492923,224.215910975905728719,0.531562672026638872
0.041315848465787113,217.279867852519544158,0.662391376022901324
0.618326089587782013,154.669554671972548476,0.841070620978642491
0.147023116224998945,187.840187078419234012,0.888636467984925571
0.197945287881188370,173.154954612711776463,0.796605548396685292
0.559062729332078900,213.822285723794863088,0.711277551500941518
0.726786019248054416,194.355512627767382128,0.802328772495852882
0.535755182051744105,133.696337444882033196,0.542938961484479177
0.110594639960040680,178.833026364139271891,0.735666061759576384
0.440935160583170782,97.872300453827762112,0.529041597527246110
0.825475263839740903,187.401607738890135124,0.670332186174279920
0.550812840380100033,171.184438657182653287,0.905990953506168761
0.582821478149897043,66.434164706218538754,0.933308174301836102
0.337501062154349163,76.684010534466821696,0.742712369825244578
0.153640119526197466,38.200895440693756200,0.770822980798046120
0.654921755646906578,123.534903843590413430,0.958594744586706238
0.487630633967364169,187.777128075931329931,0.751045535806107556
0.891283937667350812,116.791860238602268396,0.842203219981848550
0.040833097039128921,62.524738434172462576,0.928567397628474622
0.705039069315748779,164.443227733775131583,0.949086121806358651
0.496160846208830830,194.234324138224422995,0.558398682567847526
0.616026052402449786,117.402795949552753996,0.706712263009787067
0.509416360778988775,127.799818324665466207,0.931365658312112155
0.833210764169386220,161.582074030498148431,0.631384212404402345
0.314859439519626916,153.647822811927369457,0.635168555031781823
0.481873254878622703,174.225601665234790971,0.531226659589916550
0.379749281047669307,149.116877484651723762,0.535205882429341639
0.650489430836579619,157.027797583395170022,0.728966530444355554
0.472233898759201076,121.668787655469785136,0.643925005872397538
0.968600142691392052,103.367423274177468784,0.694125346614910210
0.673575564987564546,187.459305410895524346,0.757330523708970915
0.871157868882712405,51.333203032131230259,0.827425043135093907
0.788712299029518449,197.895228698249241006,0.643693206336942936
0.733036763162308036,188.855000687603762799,0.616346465846964175
0.414967780599644287,220.318393699859399248,0.621641045130027270
0.216003470617894350,105.487526597925807437,0.582325842470881816
0.099427273669691715,177.369494505839128351,0.893060499173706779
0.760339573614708497,202.285750211635360074,0.805810109726416202
0.274937068246771832,98.587794183560475858,0.886637562114801825
0.229428607277584073,209.527340225155199960,0.793674597792543790
0.550145408928349400,150.485755223096447253,0.992029234356333389
0.232710020571049808,84.509038687786230071,0.974282875877460985
0.762471122098268728,216.516214326761001985,0.805645608280798342
0.478284850238186121,207.991666833200781639,0.628031253716172966
0.353129878724307067,155.672734582800245562,0.590336094676199408
0.526017502194519926,97.952901846661831087,0.554801828980613920
0.859787770974798859,212.128029717063071757,0.630607625584673204
0.938578940101729708,210.485865628024953367,0.665313316389256282
0.511356498111381064,132.879751664385793219,0.932010191974893876
0.858434040223285177,167.231925187320143777,0.851688556183390677
0.018858932039468979,231.597473727467018989,0.506493591691508205
0.477082302363643018,90.659985057716696133,0.827128532573646047
0.680913946878266119,223.154406205523230255,0.781965581882170579
0.892295173827406196,99.469724314196980686,0.572446346531763739
0.688927949283786423,207.079467177875642392,0.952231855284062290
0.601830226107389898,243.506776965735809881,0.819885876826351168
0.109785416896503438,60.485200707957844202,0.845720701307687395
0.068809582106763162,150.532007874045831386,0.732756839918737746
0.421637512507244461,97.724935758736009461,0.787569890178161813
0.699256246388909930,51.618915369031476814,0.665273241032752982
0.323528236166798489,211.036697735189790137,0.815110527181186595
0.043298152119196708,167.718625450009710676,0.541513330726131836
0.583781638192475305,145.918304355485474844,0.646208418602274293
0.830631394348226304,83.334731647474384886,0.668552755961810519
0.672410519315095545,198.736962181506356728,0.904116990283477806
0.436471303732393068,170.954802542550424960,0.657178616643757096
0.720313739474036541,155.354114940285342072,0.937785700412543055
0.666760155000543975,156.104340595744275788,0.885697683000318481
0.138625195363850123,164.417767981916284725,0.573128946927167982
0.058352364205624584,98.906042824979465422,0.642418504939998858
0.155821796930102507,184.514600222271837993,0.973266866688349053
0.148338761537609359,33.984196386984152127,0.856683875796651950
0.455235784909068242,134.479714342574737884,0.994867822374649879
0.570459995214824378,30.356295483651866363,0.706305850787849132
0.896695138583826656,146.118188769213162459,0.941128555828917412
0.901672095199813395,207.223009138803092810,0.798741591804310036
0.021074936266144990,71.619398281045292265,0.736835207454963115
0.897209716295852555,163.021479526097522239,0.548366655718975138
0.390281496351577550,112.928918778644160170,0.673168454070669942
0.396692895851937621,32.140779580922661296,0.638117641335119390
0.691228529727385688,178.051001002286824360,0.960591816784858721
0.602810214441677816,37.046306526930699476,0.735162237301746679
0.446687237756300426,29.396921087761999303,0.847787196794900888
0.643529189425793513,221.389402601320995245,0.616768512263584201
0.664645602485503195,183.411533557033379793,0.850245838958074263
0.016100013557696989,58.141963823837514269,0.934258419419545350
0.265786176330395585,40.357398427871558511,0.567974715277701603
0.173190599770785714,213.114282062425644426,0.925031842154944717
0.962004051827414330,157.009024887909106383,0.977220965441819578
0.552636128112132252,63.278366340913883903,0.613045175611172555
0.102683568686136886,69.102379302575670295,0.966334779465838567
0.462979925143416904,84.656078750942498345,0.973567007274278251
0.687398306576252116,174.007759925734148965,0.550352513885453143
0.776608406001573326,205.932791114882292050,0.516369531329934905
0.460809191153726150,32.908261111948917232,0.898122472498063429
0.368202227135436988,205.822340523900493281,0.804053538345163576
0.295412405406263234,62.263993569624595636,0.860344950954998300
0.241273692434788134,123.457744705120134654,0.795893746051481887
0.374506518282746170,168.342003229083303495,0.759343404046645798
0.481179050470998404,33.137152355594999165,0.778540442822397094
0.238165908937133769,151.681750375912912432,0.582278787248689977
0.826133414731537896,63.155603353103437314,0.776908325332173244
0.158078311107935021,175.906790478327991423,0.674761337552837293
0.863602047643411752,58.370507148320029955,0.976570139529513881
0.882078943344201005,173.563832813075777040,0.590941805460803327
0.654924799795191248,122.204772357739031463,0.888333405792143704
0.842208909846098863,105.154958749126279827,0.640230574567496546
0.841350992150168175,104.673717463798311655,0.620851451053148762
0.751793549360157631,81.862708220389421854,0.559359410006819546
0.908625080208887215,195.524234783758345202,0.562028205246477341
0.617355847133435831,107.372696123614829844,0.791881554212791827
0.959835782727844866,146.567251329134450089,0.789343325950253694
0.299498860745083140,234.221906312679067241,0.500743792028327417
0.690960462682877363,178.783353478852717444,0.770269435325226182
0.690812508883581811,161.938955130648707836,0.734680577207970753
0.049940755896040898,66.348230417910301071,0.732436844896224071
0.757780818211823193,224.186014492152594357,0.504077068392595362
0.720062972915983868,116.445363991373724843,0.589611460680219190
0.085660957118406364,207.823388535363335450,0.775631951345174708
0.049069525801071351,216.267571265022240823,0.567555303051369808
0.009373775882678820,207.570087435625822536,0.767171247098472286
0.388673094054869328,180.378135921062607849,0.902789047115376775
0.770199924455720053,88.705024962671444655,0.550939424884183793
0.370808919865446174,135.199635467088569385,0.960792870735060256
0.897157232312373099,177.208986257897180394,0.787404818742276524
0.981768119510937121,47.423974372161978863,0.655653230044387358
0.149913437743553202,206.611324488520466502,0.767834623572230091
0.598426399404984211,132.273945857984358554,0.969839556298589311
0.483672815115795018,195.861703091231646567,0.864698188887445651
0.932383715721660788,61.812135178953290904,0.535615755312688568
0.814850929467794693,152.618153017235385960,0.562325889185064209
0.207452662455061387,88.729133445246361589,0.715738259115288100
0.622819308740114375,183.898935026793765246,0.872747786698086947
0.182484136991714369,127.291977289714481003,0.604074783306960517
0.399900339700545837,121.618932268936859487,0.825460642328394556
0.617152204103899260,39.312972079675731152,0.987149513583080451
0.904173989336403583,137.709747490865225927,0.996336545523567096
0.125121433367469920,39.903107642449263892,0.581997708178421447
0.621848400210354924,168.796258474993976506,0.888240527208648323
0.842676041011176324,162.070723790850621526,0.904919572453418253
0.734721241139009162,195.450887449916365313,0.684140416695223630
0.416584434067162446,153.684636727000878409,0.748663003970455931
0.318823792792570393,190.470433336745799124,0.776452202982710893
0.912528606637394213,77.284284789713780128,0.516078387995872356
0.279817117715378483,127.898902751618578577,0.816966109518661887
0.215908654216299928,31.027325393685313060,0.944667521977747615
0.445586022018986616,85.047073588786446408,0.772016865783573869
0.016262371059080280,111.197191272547271979,0.964046542423555364
0.418682471044139803,235.134370620841593791,0.537401311280614302
0.442276969651466678,150.921143680875360360,0.904205525834316348
0.736770210860869468,127.257749364198176067,0.936837773161698029
0.573973703411033820,193.001424141746895202,0.628043325967782118
0.881834788420809756,203.675522589069572632,0.895277909173477493
0.648731036506169700,213.590605163023127488,0.647525022733402400
0.336061132776504068,45.659709575364132661,0.846061152671547467
0.743121530053732160,133.541512882634577863,0.809810921249239701
0.865941305785161153,144.901367362186761056,0.551594897155469499
0.731706478051350584,155.261458066012352219,0.728096739737236209
0.271208120373049866,27.290579758919434994,0.558143538808269946
0.866220888342554285,63.817986005677852290,0.649760574881673603
0.171261213374565263,85.943106018252791500,0.954700372464078129
0.782505512248039548,235.462308417292490503,0.744416214517908403
0.728654130080714890,147.727410212368766906,0.826545746939730486
0.014588127649398382,186.302970487755544582,0.824090601458872363
0.114908756490377101,246.526841062226509393,0.922126862775653477
0.601906290432310809,73.849267224346604621,0.884207879357643889
0.396955682737242577,46.303390289697411220,0.604277405951274660
0.785504868193659389,143.530146255036640923,0.533354061148190395
0.575976393687528843,143.531579596732882464,0.779749444475993814
0.253655412500675304,124.153301554663116235,0.881160302026387732
0.375940324625519462,214.737722742427138201,0.830013891110170099
0.144056250571744815,82.547933489806098351,0.558871344425662220
0.067536851169764323,49.825587557527569516,0.916937451513097357
0.489183153475590660,91.245381424251647218,0.761975192211073904
0.995930788400953171,197.479432719176230648,0.724361108135397114
0.943558600230735900,51.483214257071708175,0.795116826737294891
0.310115361986678773,70.520456825077928897,0.838030522506919673
0.251634780085308429,200.894536399647080316,0.838801725214923355
0.830316322988493005,208.406415164090446979,0.549301549005121292
0.724560158462342563,147.768034169386851318,0.849159710842114723
0.426862391676735065,73.024414079161033442,0.731929938489469967
0.923200306703555129,210.981850578626904280,0.763624947808125953
0.111881034051478714,154.433478994990167621,0.900300338889325924
0.607510925547430136,34.012685523466664961,0.979796554145466292
0.894169825614690827,78.989166206074813203,0.615228989627423339
0.846103243673369976,201.693922439178891182,0.691027759639640915
0.346110365201927506,181.798905107436780781,0.851704536560312309
0.565495185984506765,177.465638956043619601,0.900053664423197564
0.690149267803071620,72.768060868643544836,0.693427072662342159
0.886015541770177273,54.353152213881166688,0.586677339172865908
0.401246476574909194,114.123850699447856982,0.804521125127068748
0.049893549628863283,187.409869283439860510,0.906014213376020616
0.314502273995897974,67.943151894629380649,0.646643720952166157
0.737537453202939064,180.065762389537269428,0.562826525324652382
0.035655066637296423,214.917899662438486530,0.602562149369197053
0.961526149297635579,207.922761851540570888,0.897554958941414682
0.420594279867702092,216.627264894617866275,0.827005418356765998
0.018486043917238671,206.038785112042859282,0.992876209678090538
0.104174946629181600,67.278013372339799503,0.920946025320441342
0.357432138440051894,96.404170755541969129,0.982485943312099930
0.110132691306663852,163.834471858881073558,0.715909798582398005
0.693428518373219505,98.328059380273174384,0.549734976528124308
0.736291026305171625,178.890340182838230021,0.861973627346528604
0.768522788500611842,173.515281132953361976,0.891146010097605190
0.004378826294931084,209.854418880614645104,0.916421461323619346
0.241728871906388865,188.177703206338634345,0.523684334022425202
0.699377480926980710,221.383721761412601836,0.530545915873679497
0.718597713143175110,138.037448181119430046,0.648905661161317981
0.240943587464823472,105.817961507725314618,0.945085096306643946
0.654305019320207792,46.041925681605157195,0.884940179176112118
0.803572302204916378,188.117605954588839268,0.564522874337978209
0.111095169868639293,89.683065420057999972,0.844371072745217943
0.266241077788895109,66.864661264909486249,0.746015450039761330
0.613964618118726491,137.320147551956694087,0.807443360018759493
0.143153271923857128,222.179899147661586767,0.968738538008227068
0.307987897142366018,167.843730641569038653,0.558969329396835191
0.459291042904040270,111.623692494500275529,0.972727290124992594
0.583183809575554379,166.020238816834819318,0.867720812411144515
0.806838857646292817,214.577258677147085564,0.639003014020198989
0.113948321713108189,226.265411327611161596,0.533573521860246980
0.706418982839388310,142.385012834347918442,0.693194359628091950
0.530791293112055418,215.647964452090775467,0.961637112517729986
0.596125371654614100,141.215267829891587326,0.519981358592369824
0.684832822391866380,38.709001024383333345,0.677888611071166713
0.242487356608201948,209.098459538201240093,0.631867377056263946
0.002078954564513478,70.058651592885354376,0.848138081003250943
0.782480650375123266,39.598115930154754949,0.512399545212141816
0.449497468610291051,175.492002097803776905,0.620305381695099523
0.642012377731860817,148.584323134170887215,0.614316290053902758
0.870267350137517881,144.916910899025509707,0.516014770593207439
0.767017203871804720,152.289799159090819103,0.887258558028952704
0.863034206549757377,62.120784949868088631,0.662615398091519370
0.671545461374529196,199.346762218700433777,0.921047387043315013
0.629082419644690138,120.294721969684900387,0.995154703748586278
0.966150996068279810,55.947663336374368726,0.524495990925231137
0.515508811808058409,218.613840220951828996,0.527366587342271820
0.565148455535131378,159.677923373098479942,0.834970702156568767
0.843627840382758398,212.979559736011538007,0.801035851902516027
0.505602192254312133,36.080065490324749078,0.805487568643606378
0.728833742472535961,64.770764274530620241,0.572774166410109142
0.439460963982484631,150.916135713380697325,0.555265039632201196
0.654636222610369578,181.459217328130677060,0.897211562937922036
0.631060788021828079,222.606848326628067980,0.880701816635554358
0.686712548643527487,215.614397318377484680,0.629101367072265272
0.500942400737937055,129.655362103521298422,0.764433779874467256
0.452809822275535512,180.612699695775148712,0.514396820239489072
0.646995029446891690,142.907889989362416827,0.883120537934849681
0.404663068354390032,48.149779116731814099,0.659610207488409594
0.827996683417792534,89.021483024844286547,0.712919693460985049
0.352003036326412222,43.715474220137707562,0.982001916108799389
0.496673358921967123,95.500627018963797354,0.870915585815915438
0.243844784245697693,127.257823966792273040,0.746372148443014916
0.038369534977000762,86.741328591238229251,0.513091922644339227
0.020305686704937806,244.461277563221358378,0.533486011520166836
0.046431226021166484,189.265082534751030607,0.731969403309657318
0.195046578698799100,60.672628529546742016,0.643137538184103685
0.255974297545034979,147.916935450403627783,0.718733240041982691
0.845124550331022073,42.553393471011325744,0.592198403113733729
0.329221126102721251,150.989812657666988116,0.512379980234307530
0.378393479010938394,196.640204361567469959,0.712711291954508774
0.626000951607370903,172.763691096861293772,0.882718595810616402
0.323754747065750081,109.517277133731639083,0.737995394426688489
0.827436545148447222,196.173108402391250138,0.574999784462860708
0.739344976645551100,146.493268290945565013,0.855670278146382191
0.296404646147784168,185.469483717648898846,0.565913482432873760
0.454266054254824747,183.763443276345782351,0.906881021057224346
0.673314525835258526,216.992792450123033632,0.762707429084759414
0.955188230824858708,150.984844130224075798,0.857689899517720566
0.445532414193215709,56.499967184469255699,0.600706385383123043
0.389116536928809098,177.692767771465724991,0.646573085130716319
0.780920115160379180,149.821441220503459135,0.894462206917075009
0.912397824221664933,186.097532050839333806,0.541606532779044025
0.530687422887341165,187.711344454463272768,0.943223257305207508
0.662326620211406203,224.055939950752218692,0.668451178019024650
0.311678107929820813,121.117596565878102410,0.661821422040350660
0.823533743407476648,159.028511438695090874,0.895611799007521525
0.659452418733008860,214.680657727857834516,0.608237830288933856
0.087934309018237636,81.850779024268106809,0.620061177352145609
0.086570776140043867,203.931186652160391759,0.700757962108033539
0.179337173403757599,188.115566084688396131,0.910550143111970356
0.947451740785189789,198.697711048128184075,0.624108717689933701
0.892654547220427252,130.618905427055693735,0.693592495079659588
0.788136284545540078,26.588402780864342390,0.896202757574159459
0.589768843874184823,205.524821882127838535,0.736059312775597774
0.118790055690784477,197.133985784467711255,0.894127752535220255
0.712046058880247079,148.125699268692670785,0.820185241453916469
0.274311554797765589,206.759095013969385946,0.778163203875505860
0.578066115657757007,79.668953218017250606,0.796582565609220694
0.076646230449450695,125.572339745742084460,0.968916755266259200
0.908655160809113904,117.765667734973320080,0.614238077735690502
0.440131030693655778,68.855779951778728787,0.907885624978818861
0.754192686411320090,194.669850887819080754,0.750727648270160919
0.726548400152592921,157.127114362120380520,0.663092474636547524
0.232885790106841045,152.951806574866225219,0.949763125909854233
0.359117457576794030,112.613375116977536550,0.886612481723396573
0.751389808917838575,182.450589896796259382,0.699030182757163110
0.309999233165703325,173.402374759964459372,0.912322037026973676
0.718752707840355831,141.426199388363414755,0.788833835683213636
0.748005969908934198,146.462320081055082710,0.905366693017078061
0.145029066463220252,169.361660865633240292,0.731532370225092654
0.270049004281319560,93.911350834206317018,0.853054902454482789
0.595072229651992024,174.825009381226749383,0.771571960212837693
0.921049270790483821,97.762396950683921659,0.958373939552211618
0.077699355693529273,213.576419652645995484,0.595050766052823032
0.231729911254657833,187.738726345365108727,0.910648173359611235
0.064592160198918863,63.836341176594629587,0.879849213615454873
0.320756076362374631,106.640225297183789621,0.521619371593844638
0.696365901523920305,148.555883966384129735,0.939072796740173077
0.029913740794912699,27.703024112099210896,0.635582793255721201
0.484154776489336414,168.580285899462467114,0.851100845371575487
0.544607887634634413,98.327479657831148074,0.577581361865737275
0.846188096442366366,157.494960593829574691,0.942161111060190737
0.354570714907582796,63.100872598169011951,0.581433611433863295
0.476119441664888121,163.069841344048739984,0.838812747834630779
0.728366993110052707,190.208382031099546339,0.673301457912675816
0.953941351972434015,101.083714075723989367,0.835854272347100191
0.766980676670149131,205.206146624123874744,0.659489867566643739
0.684815548673659236,212.762277213283482524,0.577690814451877754
0.257552543205370632,45.516040958518068749,0.636917620445317856
0.647990676685091582,122.668286183963942904,0.934048640409769204
0.858023787083102785,202.275812101358212658,0.548576381315076023
0.750366406818387954,159.102962114920842396,0.548263185144432064
0.336294789008386441,219.932714128250466956,0.633654669631871559
0.603142002914322739,188.765096939379276364,0.637881568587225556
0.494264798135541361,133.244607458426543189,0.926724446236201205
0.232725870812174412,189.365246556600652639,0.977825638848940359
0.668104130712339428,40.763971469740425846,0.664234420463134634
0.729991788576774381,171.399768867893243396,0.970158770988136299
0.226301759665825747,226.759503614169744878,0.506725371441399397
0.154783811900373769,101.480178016511715100,0.835829380482264850
0.967772971032087592,245.954819147487853570,0.518498637946564034
0.277616118461335160,161.442185090920389712,0.858354329247640213
0.448978554974033162,183.350044291492451976,0.663355077117023129
0.841605762078200925,119.180535251176650036,0.509345310358595871
0.390418275538943649,181.516466723633556057,0.894679437553419055
0.412691653780573542,212.556077245458197922,0.540272853776408768
0.764168839362221131,202.897881567358666643,0.506261752212759486
0.878201485411688965,167.885596516463095895,0.815785082295815034
0.709547933456969204,105.985561208896669427,0.893744920389460851
0.789664067669149650,160.236458731695478264,0.751851399409397936
0.840683041360861694,47.858650502189036047,0.861887011394236513
0.312211526760461877,165.242528899973535772,0.528461414943876218
0.955686347098268274,215.341696872659724704,0.698018538323513016
0.086287938215891771,26.971623071167574182,0.918595390134203660
0.411069550288694296,175.485484876674291854,0.978234038853634469
0.767554432704024014,196.271733087183804400,0.875264699115072542
0.286271535910216313,126.089100733107841279,0.855734931297871815
0.820611742957129353,215.729043431900947780,0.516820026205097705
0.059089591555402034,63.171938247457113391,0.518014544014854694
0.490436735043951189,168.038630647331331147,0.988315489495146360
0.372297377285456532,68.840587702519727031,0.813928248451887160
0.263621037092265864,106.716652498175648134,0.908639191558890169
0.750533711029130246,192.587367100869272463,0.550123862683420173
0.745915197272370545,193.086603694327720859,0.967599332970802362
0.603791232129978650,96.805585212284398722,0.704559827939037708
0.150897517212108367,52.132781245602743070,0.848382527615242021
0.400697914183098580,228.223800910223332039,0.587562873165597854
0.896890201659439112,200.432826838032354999,0.596033446764840713
0.167431000519404294,97.704094698292777821,0.546581607337212061
0.371971422693416376,34.734191467022448307,0.511001312558554188
0.508461822458725177,123.811212587279484865,0.803897945509997380
0.373572381799823328,121.138946589232460838,0.895708616427776882
0.535242099087441692,60.102581177751503105,0.884676105639824351
0.320624961939652897,46.632453968692033186,0.879226313349825594
0.723790363121621927,211.557174885690812971,0.609183518998519635
0.877325928916204090,90.972395376890233365,0.692759405022727703
0.515157243201593618,199.267297346762887855,0.906030790209637060
0.147581070075361309,161.655463026612750355,0.827256537185080965
0.420694083685477560,132.620400170634042070,0.842455264986906038
0.188690849074099609,109.498490759279718532,0.852985873261509986
0.103766966400870603,56.193133432094761304,0.874842307894559967
0.535890572572856994,89.692462585678100595,0.802292956042485961
0.640090589490214801,177.689633599074227277,0.961837793802955976
0.150018351588321441,172.497355883294119394,0.947937307073092650
0.016776503121105082,204.537311807505261640,0.973265877917343314
0.361678808394295837,106.153364816829522965,0.716277125964938643
0.691766267759156395,192.253526471265928421,0.931985912803491634
0.880750069418694603,88.966967235636531086,0.599205438517276479
0.867794847788992740,72.690778115374783397,0.612355566303704135
0.321588276901554726,45.856902184556822988,0.944919821083082145
0.082722568794744281,126.800565446255021129,0.506983697590181470
0.770418633354630344,202.682638053201486628,0.689945736372279184
0.386422721396795510,73.847007188575034320,0.963030415494886216
0.940340773160681431,194.286544213276073378,0.623284332700924981
0.116690026921343434,154.020566428073720999,0.627116458864391602
0.390800410916829155,51.532617957251559915,0.692440494603673073
0.357650071554955262,212.977457751810646869,0.793345497963293789
0.665144594827915436,198.070044296609637513,0.984944069597158522
0.867638115431864088,191.123752907973681658,0.933544453854058820
0.862621784909771483,191.696951548027470835,0.591389301893196828
0.193865887396565600,171.066286276242124131,0.606183363363075989
0.010615623052358431,159.791760370835589811,0.753529270712910537
0.813652428328184962,207.642241934967927364,0.505920213239974603
0.275785506858749696,204.682107779817016535,0.629103599087382004
0.841185100246085171,214.258055870757345929,0.825428210141886276
0.074603094211790996,206.993615152361428500,0.679056191679682564
0.588481016054899886,195.739721978237668054,0.500660775593206098
0.447135716219907553,63.086679080410789311,0.887656651353768256
0.562799681559482123,179.729626841251359792,0.835598497152590047
0.476847032977846197,106.937374389811708397,0.703079232765448814
0.657661774523300435,97.019759396725163469,0.667593849055033384
0.918328186820318582,187.216063593417800348,0.692755274685256217
0.516075935352228510,181.603153390399313594,0.973469780619381830
0.490201284273690585,100.540286893812165658,0.534131582072122302
0.122155243819415213,127.156079338210901142,0.796472759770967542
0.316090718008631200,100.487515367029899949,0.912124593770121339
0.690147691852665446,135.695274211498855266,0.811252692947708853
0.970465555791754642,190.398545753677922221,0.749413287650710913
0.270752585375598875,134.193731526737423110,0.522029258309930300
0.530283046576373929,35.856138814805802895,0.513967298139517692
0.813586920939936009,166.754702349607725864,0.857798107874524929
0.319067349109500853,101.487509825012054421,0.985867705514457904
0.453225557357015085,197.693195215639093476,0.834390597533000711
0.664093725195050499,160.764907464000913251,0.754004039147887051
0.964997516736297967,67.093548387474072570,0.623086161405492778
0.543056943015178262,109.075674443227171651,0.766336783041360436
0.565535129291942940,208.021279802598911601,0.865200470552900835
0.020106720458815012,90.351743360247112946,0.798730527126700784
0.826275601509918411,114.722416977970382845,0.635619407555692462
0.966053778893040893,62.860750480418211339,0.677226154623346233
0.367645099204642056,192.604941427522334152,0.631439648008719767
0.869103821481713612,172.108659318487212886,0.567967860362523669
0.291658492866674335,167.617956125343852136,0.931599462123042010
0.235232968748956384,189.134913357885523055,0.765587500124320197
0.367310211703083478,187.140380828369046640,0.663088538133146721
0.003082514482967501,148.984244562403290502,0.903559882887001842
0.518306959257049837,205.921559783359867879,0.903371240658969454
0.477474783717146523,103.516404449355249540,0.977241832618396478
0.860517457449650025,157.984217554178684395,0.891756281258746508
0.304835063190412703,96.523893167715556274,0.706590924603941017
0.792385348204778794,135.777401076161879701,0.833388079895303724
0.517997654687353704,188.646265136563670239,0.558286578666490119
0.189378659869870819,183.375344044649864372,0.915352922174580308
0.723127160322616147,121.863448532820711989,0.599315082424919376
0.304814327754666659,119.432871901608422149,0.530602805338229344
0.697432317871901186,224.210964660547119820,0.694266846431449425
0.370049987580675144,55.102585157772544733,0.991908588506896671
0.569363566539885069,225.886500521431514699,0.754682511986055959
0.693735969500971827,79.506732040296441255,0.925296827927906573
0.163230400259978731,208.013278572256723464,0.613427630813743630
0.074612311243229132,27.042806796000188996,0.701402653909851348
0.413646080067175459,123.034199146264469960,0.778859836405337180
0.232952798908252018,34.460223261610828160,0.579684883552807340
0.558702373324657886,31.552803577314527672,0.770938100723709607
0.750648111878553181,148.874023232014707219,0.767391965791712538
0.840168360128435765,195.065620281383417023,0.567459803696014342
0.653714112780090062,45.565601555608431283,0.988428925641296030
0.954899101315182963,173.927698174193096747,0.968141447497958607
0.098247686610769172,66.510610483159041451,0.818793081884300333
0.145175665710265134,83.864994145754081956,0.815276513167854544
0.867394855969251144,60.889585690875570378,0.673725873181357238
0.385645030660126398,87.474630059578814212,0.832422512460055164
0.557326668452087559,78.303619576384889456,0.952509268425054012
0.337228946358368364,68.963144862197950147,0.872076743115820729
0.062211391662249357,80.323793381725039353,0.949748962592095847
0.478734101749968943,104.782178256467375377,0.750560783759084527
0.065791798351155700,58.055626044782094652,0.848576514361827683
0.272116074748731396,46.292679760162577907,0.747088064743562374
0.198679653393777911,204.586592492186099435,0.565667585206099721
0.631585763332582539,168.290529394335550251,0.814109858725645452
0.118317541795897735,204.171372429839351526,0.739594770790275913
0.782387700294596034,160.515631649037715079,0.787229730346067247
0.482140259473496258,109.369846291464369870,0.645662105450952040
0.685321390954335974,125.617400492186774841,0.756147312779511860
0.657577219560212201,193.177124289718335604,0.889329559162158167
0.389581021776538916,159.862149377167412467,0.581182149255691782
0.746482777378709939,66.191539976820592983,0.951417250018176897
0.868113052202840851,40.759890785489751863,0.817100322114896471
0.826028444914691407,74.245101983283760205,0.890672095752862769
0.235371706295365135,149.492923759650523152,0.931007480029811263
0.591808969910636251,149.359865566538701387,0.507548464085366913
0.053707476288269149,35.660884233732602411,0.666136760681171891
0.235574597948619874,48.898523508524156966,0.613502625514945832
0.320408559352031330,180.270501345286191963,0.856165948796628329
0.153188897924777384,182.078933126278457166,0.819142970799415782
0.867857048245685436,31.569207734211051530,0.732054446015185656
0.367285552658919878,59.935334334474539730,0.671894043643466166
0.647547548543433660,43.888217738196345863,0.925209510706575089
0.366114519621263457,119.592691980483962766,0.935093417407960037
0.897056565575924836,177.858608525659946054,0.929754352463981859
0.387098690864965678,186.838703742746787384,0.640742793981857295
0.604260990679540311,39.573691158895051956,0.896914984389630465
0.878767293414632777,161.716983806978959137,0.857849094596522588
0.064785337544820909,76.148716479452787098,0.747013609783249821
0.126339714176458479,87.663661976227359673,0.590612686292073308
0.491647812361487024,201.305657675961441555,0.802775030674733991
0.793595733934425396,94.740284465044766193,0.724295840271742319
0.560240895572728714,54.830994401913244474,0.523385418940979674
0.237632292320554384,197.304482239544938693,0.682468062845696943
0.550107607260177933,116.819971519920883907,0.723341646648006598
0.081450231134755260,127.744396087839490406,0.575166413594416226
0.162442432813579063,144.586230671232812028,0.832142199677006866
0.718579269785259545,136.684465627026014545,0.939720506631157249
0.366661831120930648,148.073570193965082353,0.867636711495124668
0.572158440959876669,187.914923244174872252,0.822606951837171141
0.436725290114226172,146.499956874371150661,0.563849393267591870
0.144329098781922099,32.378999396324253723,0.663716013911810676
0.438240034836554881,95.652193806566415901,0.561224775310959711
0.864300928227865972,209.925887949739745864,0.712257584640267560
0.419439041620286779,102.992731350750290176,0.706505521909344902
0.619758051505814422,226.028855282998421217,0.506665313952351926
0.596629175636241404,64.644317628815699095,0.723769969555703940
0.260620869922515930,198.055852544121904657,0.631337013899735178
0.902916920093156161,82.572573041284130113,0.521426738329203943
0.505831732462291184,31.718926092728551680,0.815557064261878462
0.763582922861557600,86.548971470517713556,0.672811977062830247
0.182682743406394399,105.337790967933955244,0.911086903298209072
0.163353640716242199,29.437427429324355188,0.631924482180831193
0.270647052951606792,106.041456805412252606,0.507150280064224801
0.209374352832382010,25.308933450730812353,0.788753399897536345
0.886851096090630397,162.395860684014166964,0.558152093056010434
0.364568273136720800,79.241193400480241849,0.797168718023155032
0.666458707699844277,134.190734086930802960,0.773918319949024380
0.603898945767392448,100.735202754442809692,0.896502402279978350
0.063060128197641507,51.344548432950546157,0.739979959056643710
0.510012053026384971,181.693712573895766127,0.607462203653672761
0.060146684111698392,173.297623035829332139,0.879238369917888063
0.591151367251945392,185.463006157867653201,0.616954975917215265
0.514892407461030710,117.657811364534921950,0.939171394821535110
0.945300964976799163,106.948625840674679921,0.910652373202269216
0.760250423381841567,113.789593486204680062,0.709422215524508459
0.974618723766251360,136.495713704902499330,0.725353365921917570
0.972326057412807865,172.640775291469765307,0.902645972345822334
0.607751891070547168,213.309266985703175123,0.587009532532460909
0.911749624039051909,205.500634108016953405,0.927350655800340373
0.626147366427245777,40.465466268575887909,0.644050244262394767
0.724977424830587580,196.724961886382516241,0.877473319567056209
0.844561900088444895,150.815409951471934846,0.731107743945281996
0.886222607731603440,198.225205704244871185,0.513211390771155851
0.452032788587349799,143.546850593480115776,0.828879346769775038
0.552667126048374979,204.188727211907888659,0.898029962202121390
0.631696060752370614,156.196350201821928749,0.935885221755988983
0.058290403658864016,91.003662422206176075,0.915130634957366684
0.232974130734885460,77.019810845055246773,0.547424672481961139
0.395035843527552000,62.747117545269340155,0.805071600212071914
0.213050766374169115,92.231190954389560943,0.708288626558160939
0.650668760706423766,148.704683583354722032,0.687134013423880696
0.967619294538944463,132.411091502590892333,0.989989094682403148
0.344317245111716852,132.144402632060518954,0.838603452516511472
0.948606070335679785,68.149613298040080167,0.679975514857150909
0.329597357395751522,79.254520509822711460,0.626910796435711570
0.254393356042038221,62.788785644220176607,0.779219360985354714
0.312222281472594121,44.370618045961236930,0.543089454453009379
0.648063699214912803,37.997428799469261662,0.853442382824389889
0.784677301750273504,26.134373061851643882,0.977610836124719329
0.688324741056049016,124.136622961966097023,0.722581513585271784
0.900050199940082285,200.433338606601466836,0.829986952109647125
0.971353536415572760,192.852507428305699477,0.910387452047025425
0.191409030783094014,67.222312980887409140,0.551758091204784806
0.212254111077655822,52.459647475418066165,0.659500687789536744
0.546621137379948108,93.950118581235287252,0.809401168668478777
0.550452154587668607,151.937668334853754004,0.534368422171672797
0.494261476976403491,175.710405038436618952,0.901411779763102161
0.082250792693412164,40.701005761513052050,0.815055684890670595
0.143890464628161463,190.286275634517835442,0.806260110155348264
0.832760170509515674,136.239374408089389590,0.730497041639959321
0.783755486558280201,192.911018026513005452,0.544083889394936793
0.636193262728371622,181.603818895551000878,0.657357625919794963
0.743477261532445866,159.429920209264594178,0.970466493308909550
0.463825971966411399,137.393332015973413718,0.612636279023159203
0.222132561346993634,114.881009343114158128,0.843265842163910984
0.702487322797295310,89.628526406506935587,0.532111486685523771
0.843253683607230964,166.358042078576488620,0.771594414549241936
0.613573285721435435,90.037789912850058727,0.994798915590185850
0.535630450689088655,108.921140204022705689,0.919380824291859189
0.661003726848755746,187.911145144069593016,0.782027564721878288
0.062757076076669444,53.187845401034493875,0.612095673400444129
0.160197478221777045,30.277839241751777877,0.523019515161261994
0.633213945335291961,76.582059975698030030,0.567305276850582407
0.514203934892986991,159.255291557544921943,0.941249020041080353
0.870538510254071030,208.095681117899204082,0.874488989041844800
0.886039971080880950,101.835366112015648810,0.696988376376618701
0.626635780925431818,90.523451809233890231,0.930891729435970761
0.346310835164937714,171.513704616241568601,0.684696584262790231
0.698353543117187670,38.302533698163045983,0.795837902600063152
0.803704526784874917,120.790296611364567525,0.552957592271321463
0.524626677861780966,165.093314391918170259,0.779821011964583533
0.516421078860196503,38.605113274272099488,0.944871154003614544
0.333742563731164676,188.814014311394771539,0.763533568276846819
0.798089046201041818,141.669402378962985267,0.862893500602348595
0.332312648420426016,158.340310239640587042,0.826772140727650262
0.725116657700839773,166.414625846348968707,0.815993601332115515
0.617938306336687337,50.798522516723338072,0.605443029417218059
0.315292849950405851,97.832760034934295845,0.876868160406679253
0.000534355971761653,58.335829296563119328,0.725861214057582305
0.006032210560915915,149.514644815667281819,0.663700616930542497
0.538579480658347376,217.661742813539603958,0.777519305479569600
0.016510317229628726,37.818125595277805928,0.740551978872105887
0.864687803990183079,88.160466063347811883,0.937104793067530806
0.808613855886767485,222.670762338069494035,0.578379420451553883
0.848011413944969594,219.792219422418071417,0.546931780785808397
0.181276933375992932,218.217106976567237098,0.888574222267143554
0.663279315411043902,197.465464036930796965,0.805111428793758632
0.851986321766235011,156.831849800381462501,0.976492231433183422
0.037719790087812642,213.336419711793439546,0.916144583947467561
0.343039643076850420,44.914818418389813814,0.948245171974728795
0.220008937652945186,121.601876701468142983,0.659918970965383211
0.299253214155223268,71.939553642900662567,0.519181497021066973
0.417128502241450816,193.407583209721281037,0.624686436863844174
0.839868005051758515,98.799658551450519894,0.706040966202194697
0.508102921286043396,155.547007704666754080,0.972184705527183946
0.900006099603343435,140.507545094348387238,0.912947158550679427
0.482573086157606912,106.703493716471427888,0.682539180995294203
0.355919234809856155,49.224582730684730336,0.768734219038321731
0.180806100162984346,125.175065068545819713,0.819309517057903003
0.554030003345546751,244.034547981542999651,0.892449957918882153
0.469951580183773754,59.440215307649808096,0.602640913457483274
0.123834122036386551,189.458546306804720416,0.960654484308758994
0.458250513869095544,203.913587862450725652,0.714437030170122167
0.780327942403687969,193.222578742536683194,0.628066224112021176
0.018150892678473498,142.212621014598539659,0.996909817552859567
0.663115062624330176,135.349406120928165365,0.650598109803158797
0.635499424919926281,159.343831736549020661,0.531957099503194031
0.397180238645426065,200.012274084222752890,0.617693567900521101
0.490936547358268416,90.089581076126705739,0.524011472306645354
0.407980217488445651,69.036772178061113436,0.929354942745589496
0.383693486386133598,159.574934078805313220,0.846734675038061879
0.393264561163808812,131.487700535888876630,0.994871072770339926
0.184727037589769771,105.904448634755041780,0.926552028072279987
0.422464786103929013,200.511246396555748106,0.669719538779099732
0.200954902087868176,222.508403243370167957,0.759383989729251696
0.094854515582707674,222.935752779115631483,0.722300132445859333
0.262977459745106168,147.954228938983249009,0.792217827650969708
0.430823594882951411,155.696266979324775548,0.827769395538714647
0.903422520863150780,181.729412100319024148,0.922727003281440417
0.590358694139474838,122.303029540755616722,0.986151258540289066
0.779769472470048686,68.543171051613910549,0.800076799359688673
0.108794455009190646,60.297408123962362936,0.806052347361072452
0.437745946580910428,215.379978695615989182,0.802374484742499061
0.596269886540803706,199.081206195077754728,0.810357100537824171
0.900829330706533260,96.564656554885999640,0.807976475585306386
0.958829437705526311,91.388113771726494861,0.557324929145782466
0.276606581543811736,191.888426283442271369,0.524079537429823161
0.178377191093894633,200.341941680617225074,0.860240401248663966
0.137157098362892416,133.336451917003273593,0.566420546477213294
0.285712100529852187,71.608339798189405201,0.927884979779004748
0.292902293137932312,71.277998379422498942,0.664579322045747434
0.087931080328098751,55.130905142621116966,0.902080668113504180
0.320613587481300200,187.285275800292055237,0.618237401471249171
0.562726665040675700,188.908158525886250345,0.856058140195147477
0.574338858551629361,75.773968951063082500,0.803596941462908942
0.609292258563794542,197.410862761870617987,0.510757765187949242
0.489727672135915171,117.080402953395477539,0.566995916781007470
0.585390838222950127,111.303765249542720994,0.994358744639566861
0.826658114603984862,129.828480002572007379,0.719653120465760465
0.222189541148419129,158.120025295674537347,0.937035072767652077
0.817012662984140881,134.258809282120182615,0.815017133718692888
0.540788283817894677,183.002076844772687991,0.827208147116435866
0.047195027317730100,54.241151637326815660,0.844364482411155026
0.385213674964748953,107.903810321147929585,0.665572381092228160
0.137748630982876125,33.083048869020935001,0.562179116091878539
0.328911106840860556,173.173814330737798173,0.833038003139779715
0.568151345556394682,211.326470169314546865,0.778906868095341931
0.815026779209634400,128.467991069537191606,0.572967009199670030
0.632655132094440464,145.988255131247512963,0.914416429322654545
0.608674455907861622,109.094588581490441470,0.505604233481520060
0.259879515660138671,86.593973244015131741,0.604609686086324816
0.177353547457317490,126.225053181078024522,0.505990644391492217
0.769755382553758194,82.841083252188681740,0.563152984953506519
0.878517208984465725,158.028453464969601328,0.942355416638433030
0.443949103327964667,182.428519457678191884,0.606078490787536173
0.812460529889185268,160.139102714905504854,0.576258046379336197
0.984135040857159749,118.499230871337189797,0.793746304797655289
0.033272589226972842,98.420755704722964197,0.805178508038032814
0.045990047547720674,178.996371070388619273,0.845679987510768338
0.469048552143089492,210.293480376587069713,0.591607148601607680
0.726988390573585996,107.257784752446369225,0.929292023937146494
0.227573946527885512,166.789246473153156103,0.731495659766492778
0.465567305621434613,182.099516430477649465,0.545687206069455422
0.676236663459695464,108.226605869261689463,0.956290826722392628
0.492327073947229021,211.411702836881460144,0.748437945438399921
0.082120566039190740,137.917803893583766239,0.989243407314950529
0.697984706617618356,185.038386943361729209,0.503354932562851021
0.760275621609197927,222.501673466532480461,0.798606467282952037
0.412426127554822608,230.213718924364627583,0.639261761516106142
0.145766418798297825,66.212883425447671470,0.729559204714284149
0.104485706006264015,159.253956565628868702,0.954339982631880912
0.886578467615415367,220.823693116729486974,0.672343906171592676
0.140305908946175173,225.739885450746015749,0.724127225692399956
0.308995539153724130,116.478989110598917023,0.836449533252018429
0.105828000579016160,55.406325501227428276,0.925339730279292061
0.149713867609407358,52.322944688773581845,0.849297093473949660
0.522314497468301497,172.987384876148581725,0.816283381300184518
0.813838757720300010,227.165023669376324733,0.550705095906171893
0.702979749598688586,182.784263205810958652,0.824200456978277041
0.967394127543441784,181.217052805029908313,0.932297232254748143
0.779248538987969197,238.154953721145574264,0.500877255796015275
0.655613065128232586,47.938608214074648117,0.683435397307555537
0.560457906712236831,82.085196270656339834,0.815098832175610966
0.649602315033651290,79.728159231856722045,0.740931468419830264
0.792519225557090867,171.162607777293857225,0.676902962252178830
0.516443656519321670,84.355771224341623338,0.680092393680379104
0.515172865264985402,86.030215658525719391,0.743055335791204752
0.931435116886422332,179.804780481861769204,0.643620478608528779
0.832262772516019322,51.898615634940988173,0.584749351238046278
0.304015314746809762,35.861543178167302415,0.877732464419407332
0.876611693729789754,151.708908558167138381,0.822846596621401027
0.661894638473935593,179.177383509025219155,0.567459882083061973
0.469728974644849917,193.009559198809171221,0.520115778711550902
0.807956005321660897,55.992031492314254137,0.532917152641817049
0.274166463935136051,25.874731980905874451,0.738161432103986881
0.612080525616475413,77.360119188052578920,0.537795300078069305
0.739935462268078381,162.215823268684687264,0.986862351428946738
0.244616027140089259,97.432048670709050953,0.525242645051913870
0.904989341811368031,215.182237981216786693,0.709370486691600410
0.873660254106675138,91.984169592314600550,0.891251007639658810
0.612260655267593212,204.609135541715090767,0.763837705176731219
0.904723815161523004,227.485405905869697563,0.725932996373372164
0.677026737604279005,197.011582826913240751,0.876031527900962836
0.915640117957730038,191.933104076870421295,0.771850707659912483
0.077798632139407617,99.400839995598076371,0.816271598437157353
0.306831897901746586,50.358261595477685546,0.943256591445207571
0.927416162705437364,209.041141160615438821,0.568313148198814622
0.365324162928384544,30.860077696563283922,0.745164478246574946
0.113167249045153004,57.526405253843584831,0.702179775682270302
0.327410520417377338,190.391979529376499158,0.877169349739848170
0.043349520821029788,188.509386047901472239,0.886427446146861753
0.038795008716274962,36.676112708467663026,0.884617893282967249
0.546340446212740027,89.870574868610830777,0.683688731585280873
0.289398424708309121,115.089690918835614752,0.695210204060236703
0.376521959601541667,60.107900965471785071,0.894505847855180392
0.889001605243519899,109.615490338378691604,0.705583743979042000
0.540784992073125470,218.788478234357199881,0.804056389652001657
0.920417374267446076,145.989509907464281468,0.821838909707859111
0.492291730642935133,74.267167077327684410,0.965143081693704108
0.316014969246292299,47.038845701872190830,0.798845935504132965
0.332191555697248342,153.587268851749087162,0.731950837758754802
0.370138246622839895,153.503667725015816359,0.982323716774618272
0.082135202248543884,38.677019965626499243,0.674867146150938457
0.156316516459055449,126.908826995977904062,0.985339248520538336
0.122421278267338535,120.055189554639639482,0.560002427585103435
0.117679893138920050,164.981978417472731735,0.816062852578749554
0.247221095350873443,32.510352189535112188,0.895425912430211857
0.062178947358024581,29.979886434807369255,0.879219357355031206
0.205940377200158342,150.146971430436877881,0.586771753771255677
0.098179346981658810,188.355357196383891960,0.738611799153773618
0.910128791833892281,163.382167838270163429,0.505083250929696859
0.101237455641026292,217.866861434244327711,0.589986590828844526
0.120668804768531687,99.185940067006043819,0.953227969551366128
0.170267248271680743,192.105843183607248648,0.922014702751672410
0.728558609473373919,109.421554351295341689,0.580506378756243224
0.658282850356569305,76.980597158916808098,0.885355639644073822
0.780269301860286424,131.381588967672797708,0.752191852943671191
0.283143960569045672,122.505382503681033768,0.657114609062499966
0.859034523858553722,230.105718132447776725,0.595465548177008697
0.000556182078689711,236.028959528782905863,0.767882360376018425
0.348277602697271926,207.171790629086586932,0.911221025555833397
0.661640530294679619,36.171965589982420397,0.927850305757476068
0.421417243924881113,233.935246233092499324,0.773713823670032053
0.025016027951405125,46.388983189450001987,0.521513063356024875
0.040546695380994466,110.319989896542466568,0.521894463420317312
0.237242004354089431,171.916027301845872444,0.596774718752127176
0.462847648390523503,81.318266225638183187,0.866127521068001727
0.140107167050836451,102.343899104311859105,0.675218980704986316
0.361085706642441329,64.111464670093624818,0.846649917897460802
0.881568922233683994,168.518684125654203854,0.529844583671315927
0.727484207526226556,167.968606990385865174,0.543318014534145521
0.168841094224075172,175.317558991977875849,0.835220195095931484
0.928512368585555636,215.296975452214240931,0.720758759861355736
0.844042858631534387,135.947068025621746301,0.969315245708104567
0.328810914938442334,43.509892441405334296,0.721516995229797176
0.809120722002240944,223.430351321963655664,0.614029239425056161
0.587672191407955458,44.019456361496864361,0.583982812709043952
0.783068366508763436,171.707132518378443820,0.658088541525696180
0.172196206753775144,189.653757222920120284,0.800286643055365121
0.672270852916553086,130.076444091217695131,0.503992606346095662
0.797584412771933815,97.782899266521752679,0.990112228371514913
0.634105715059135933,108.377362812918036639,0.557598162881046355
0.794630622987424373,54.552446559460207709,0.723814670241328395
0.866024757172869974,74.403398399863547752,0.986394819774290776
0.145445550929616363,97.214869017397873563,0.765820552119215070
0.895314768766116154,109.615038322510528701,0.714230518204879039
0.603186726555422714,132.672345386110208665,0.968659514155236878
0.311306211615888395,89.484060299754972334,0.955603266731170353
0.110054784849534598,204.613301779082036091,0.736973661898273624
0.958721610085445985,179.609268241751578898,0.686497452525214880
0.481873254878622703,174.225601665234790971,0.531226659589916550
0.470122680287189232,218.770182768977832666,0.530369120626131063
0.644866179617395785,57.201634024652939559,0.904798365090133894
0.349537483275066285,78.063798240641048665,0.658407132745093326
0.272845404201603470,91.009040049890543855,0.938862262698971772
0.969141814459229201,74.092283959924458259,0.834489547485837480
0.145166368792721295,189.946993099075370992,0.839943546378918660
0.564512133751146838,124.918102220125490476,0.777463055183109542
0.340459072271894148,55.396065942172732832,0.914563355916287124
0.702216799072918452,76.907179705576155015,0.994021663004838074
0.776775418794249384,106.385649835634623628,0.537302267778789422
0.909668502567280712,114.032578804174306697,0.680284351576581847
0.030341831392476939,66.815607362045810191,0.693785623055411804
0.046757320957889661,184.587216047206112535,0.932309766204054480
0.140265891758128342,68.349753523376449493,0.513777853793059180
0.183275284764342600,41.025545195926476083,0.713871146171026538
0.490845729173453871,69.713144134650420369,0.667246526094135040
0.292468920723170711,153.618945470517843432,0.892652162744192790
0.433545692754265466,52.528111685388196861,0.659264988286323184
0.603762126500616114,88.267564924300785378,0.899042681535341948
0.113344041161565920,79.738302105887271409,0.640153659686359622
0.561213549454502192,193.391219953612392146,0.876124708044356049
0.768592141803853490,96.844307985043002418,0.738067354838689238
0.470431067999559749,77.848109542294977814,0.624998701566425785
0.530237819059234616,117.013115705050509519,0.978574071960014336
0.001758515559826186,82.386180075687846625,0.947613855374888070
0.553091558065976652,75.914660538186438998,0.941759483074265935
0.882768948340532655,154.482660472636752047,0.871768706339492994
0.485858815245066189,212.143836543777212000,0.660166888117533102
0.455719033193617784,78.520444920795938515,0.685819026220772288
0.776794286877865559,93.996680038675634705,0.550392396015640384
0.916821203620619918,201.228216837836612285,0.665176511603989717
0.088186566406696282,144.241542947294760779,0.698557573192955972
0.756223266192136756,205.106233037910612893,0.766537003789202531
0.349371393987238987,212.594724980731058395,0.677748811840234500
0.667314833090649429,164.636637601118025032,0.936235847844091307
0.788199697958456347,187.402529699493129556,0.813688603619043826
0.794494283452152450,88.383302839463524947,0.669851103296375538
0.064033995406919592,58.385468021518427406,0.639294606120438758
0.019175628745222793,202.286534606270180348,0.807543117229276186
0.489924117683096516,105.578046751573310758,0.904095989389081423
0.766840695960270269,145.953127747134942638,0.640639302653347897
0.819824865731908159,215.815854489918933723,0.510887662383925356
0.330362927172798360,132.857951722946580730,0.882146425038786819
0.691891845453892929,184.809089638647805032,0.563338081189979634
0.420520759929197852,107.990230375753228031,0.869626113652514632
0.868455946211272090,188.831005111213954706,0.671538272699691685
0.141475518257822841,76.556934730994314009,0.688335643750501935
0.551636771984890029,105.756949435297343598,0.619738696321136096
0.106155832847492956,47.483698169446384441,0.876718744385390991
0.308172807511399305,175.927581457596545533,0.974433691277685199
0.561774249685050409,114.200743691446319872,0.510928024559894278
0.549360041796580267,160.837395722534097331,0.815180519329091857
0.073480039750523959,218.535727239407236766,0.806987740079004312
0.831023576215180415,76.326402741156911702,0.907754335980590854
0.790594752675684243,178.314688897121897071,0.955049377184358783
0.062709248920378588,28.888226100720473255,0.588293686502523894
0.760484768429044333,200.016496783877954613,0.565810299817192219
0.779564412871465939,167.273989463337670713,0.689549210027228465
0.310042199705129029,188.804462634550304756,0.669706344379809249
0.382118520812519569,212.319044118553790668,0.761901632273529805
0.136415305475215687,226.939195060470837007,0.683179895687946237
0.762523409514328065,124.360470430106275330,0.823686132877377575
0.808931902152954518,223.492299784774445470,0.569448621630121665
0.121451097968526628,83.602090045741746849,0.730358777602882148
0.191082802670651530,181.180506518510156866,0.740086212130226073
0.571030783733843306,98.417135319981824182,0.720190811339212034
0.656981012139089326,42.057966889256370280,0.810448678153995350
0.865671804945103207,168.042159940496873105,0.703208600756973112
0.371835119947400983,37.871124708587267094,0.889813778919448350
0.525632238362525706,84.851258188127403059,0.942609212457767853
0.236407903585570178,45.202874249262563922,0.568677114214264479
0.193117251704328891,158.016351705612663636,0.549664730101957155
0.801590496432204924,178.886991170655619499,0.872539949098403933
0.445533244191106348,79.015332316274211166,0.948602213163054042
0.680498364840886882,212.731184196813813969,0.573661366426068797
0.139570910595589154,113.652877134713804708,0.790931127842469328
0.304051600790842980,51.190895756663472582,0.975467633568531167
0.800310095305748370,206.564954778816002090,0.511608675025400861
0.742024666267717015,36.388559598033097586,0.920178016975444546
0.569924911758656672,173.126420780185952708,0.664588984276414774
0.361496212115136439,52.881091572042969062,0.846938266196037404
0.747231992711987814,202.895081144783574700,0.825090182356509549
0.849192243083006781,84.984259169113087751,0.987021624178661128
0.536982517987202979,44.279325665407313295,0.512958685824797977
0.809421540937660278,208.034094886137211233,0.724791112094963164
0.657085733665291882,211.513750440366322891,0.879840107349061595
0.209863460616401820,247.777291851360558894,0.737267821143760438
0.042357116549898217,70.999202458606575306,0.790856604522632956
0.442827463608533423,209.786905455716691904,0.580859366427659340
0.004075116750909561,203.744178380785513127,0.966815678158662428
0.567699827125354051,164.360302168066283457,0.867363660317108986
0.561373671521724904,114.551443494719535465,0.512549426750192549
0.233969410874904554,75.991955130818638509,0.806694168998478123
0.451524867936428376,63.415035147861651410,0.770768820372518482
0.345025912705446303,58.666378504455785503,0.627613429466570949
0.907376160179999336,148.711313974505003443,0.594239292035320443
0.860532641823696265,191.478147724360013626,0.842158351071488953
0.283974505476348449,74.740262448466737055,0.905925908183853434
0.662109879319073280,47.249883207327812329,0.518161640794095657
0.770617848034448105,217.156279744181119895,0.805159762536896806
0.100409850164947606,51.164865475242777393,0.639748624377741604
0.713202781779805117,68.573128407793788597,0.791895943220583542
0.673898671922787629,84.471616915190523400,0.544186804368957611
0.060211544337081410,80.037023752500246587,0.925567280307959206
0.346509932607682702,91.671066796803188481,0.877530333853770106
0.231846070347523414,152.509559932032885854,0.881296014119200444
0.414150165463915088,172.657175440491272411,0.892971762965960703
0.649976912938484253,234.563721006972912164,0.613372837823277783
0.613098744768232562,59.627854653231516124,0.721279939739257636
0.536751881149026278,139.409990596096889703,0.966273531828153343
0.527022443491576786,191.776796955569238889,0.629719274941747842
0.461556538382144610,214.195228833932816315,0.608943916385987438
0.597077972923172218,134.878045992908027984,0.621971768459590568
0.403463974502936251,62.825462987552569416,0.894760692805442792
0.424342233352628273,179.974161635573750573,0.963410003411703908
0.690228311360700286,195.854800035083684406,0.852530660146806785
0.831829707715775579,153.728063661254708450,0.633303345607218460
0.053333637005423679,180.869135322489171358,0.825309433063717179
0.336054980562614347,190.106864681726875688,0.792613576746106441
0.640946197206832435,144.873246060790933143,0.587265321357874348
0.255395833336966416,101.374211559637316782,0.526790296409915038
0.910096332649386164,27.369982495188097005,0.555878549734823091
0.453677750694900184,110.020167678210043505,0.557882419960584408
0.664722674555749737,37.985123207621249719,0.834132673984466333
0.562852161435552056,168.297780897755586693,0.550943925151979430
0.013826630556230544,195.491098166672912839,0.843473618139265136
0.577476363634115586,57.819962829370297186,0.889341854598327597
0.472446002760573858,145.151126377083841135,0.838045360160258879
0.568881571425483568,60.759224572693547373,0.968565166106975628
0.045117867654763930,37.818716101623316206,0.880342919209744168
0.618561914800066504,27.934017188382199492,0.587847013198418367
0.143526899724535362,56.497050836141461616,0.950001942212394757
0.654506772995117059,205.997548383995962240,0.613953283913050485
0.306136604776086674,174.108727670597062342,0.951237556228545444
0.316974370057693355,54.657193134250292132,0.575224959299700078
0.383774751114567048,171.870787200885956736,0.560880663991726203
0.357938606124354797,84.150266980135157269,0.987117105514173088
0.067150162202026617,88.263169140830385118,0.668059231928492592
0.057214582819694708,152.232121472375609983,0.657785003686373937
0.431196380401837220,207.445815896781084575,0.513745436728627047
0.053356552386290952,144.207041738000185660,0.794194630060679141
0.179764065572903114,137.545844534725802077,0.652187021604525130
0.356722663886686220,62.074768688055321775,0.820504671340282266
0.623878861872005031,214.467200680028383886,0.762012384129417852
0.895848791050723348,98.801127391948725176,0.563232602721397857
0.775946354783946246,195.302048291120200929,0.639998844227411268
0.019639406803889845,133.547110868065288969,0.846630467051717961
0.328226225244563130,153.251571156302787813,0.532690171343480179
0.825662755868538767,153.075850430405637326,0.772872731144623071
0.521518190744916788,180.676855151679859546,0.950159763280066239
0.633889490854844362,192.985655162872348001,0.857394313980028189
0.793041968852799872,125.978347580356810909,0.510077042109200685
0.734563124358729058,157.857355367450452377,0.934047767461061107
0.793359553557792863,146.324390794289712403,0.892486432898761062
0.484887786277732491,96.707376472023014458,0.715976351935226574
0.174231045523457306,64.024635969769605026,0.896578177065597726
0.250149820014755442,159.025774006683349171,0.840036167534034650
0.189389195808006616,42.831149497466654452,0.899017046227643557
0.620979108986069894,76.729670283849074508,0.919829449749583916
0.543925193581411559,121.650964969315140252,0.787257562501345043
0.475215488712671830,75.054205224445667000,0.849246776480384158
0.539657110668860018,145.474722002198774362,0.688613234528567153
0.830464008106256979,33.510701585894253185,0.694965693257900141
0.427176724069793456,190.645902282170425224,0.907349303633578019
0.400572294660555162,95.038423660642692425,0.604025650080519894
0.245395063771961713,158.355184973039484930,0.609165308024681051
0.778294468880191936,38.624129368677778018,0.671880692236927479
0.664706313068852306,192.493916697887812006,0.980357118947610462
0.489198030072835022,177.239046871003552042,0.802045432640933864
0.270956023297153514,177.757856106283810504,0.559921820323098562
0.036564585079390227,58.116424798787988948,0.895743984144214411
0.325921375091323295,175.182273060550613764,0.925945259987808300
0.313888576973063993,35.993210979591829357,0.922156871362215358
0.293555708931470094,106.408434529254975587,0.763159324933960992
0.304752296009606016,210.012310568213791839,0.875067007361196025
0.882856553435427682,110.603198411245116972,0.557932412488237661
0.291039156574525726,200.989672209667304514,0.775147424752281489
0.426989047015258305,143.671548311291985556,0.885403288020871093
0.966826672750869864,58.179106015152356690,0.592178975020019371
0.429624840548316622,156.710391814369472741,0.512846503722307223
0.755996456137927209,138.400181937365601925,0.650564512442093235
0.854599035442615174,52.125637443118968406,0.510246940671679527
0.324584496756845309,111.921417244996973750,0.891911966759787678
0.148031118962066111,100.455702689125828897,0.690583762304922022
0.684479930920147916,111.109527146127433639,0.688950778280306375
0.023971579756041705,222.960110256414139940,0.613192265785613477
0.432287337458360177,32.297898919455697353,0.815598478655593095
0.150565036210318748,62.378875497778849990,0.532928928103442612
0.357126038163187332,99.131655978520811345,0.802654014082552436
0.973577675970746959,119.855875183706672260,0.767737422762773791
0.534173896231823098,66.276959617125896784,0.913856926342915155
0.700788563523639829,204.736639172615269899,0.613189544488863869
0.792945325669453305,80.047232382923695582,0.804902033081034807
0.487335027695533551,108.787125762253097605,0.825939202097505376
0.533017417556876150,84.925610287267048193,0.912392873649971348
0.856615476328265291,181.487103462927535702,0.809780415291183164
0.662463920912910731,228.284680649386530149,0.506312684298013349
0.438369436100656706,159.324655403500230477,0.896300712089203699
0.980034448184816886,92.699429547037013322,0.895322792804511325
0.394534605418314643,122.614849203416198975,0.592801380868644423
0.931382779213140721,162.966595059164149006,0.573313194974856222
0.610351591263963655,58.165154609793852103,0.720322532644296798
0.967043325460544834,50.486356840508847199,0.521489915273926741
0.120123673987826543,69.205048535813418198,0.560810042364861872
0.503971634615842712,157.359280932799322272,0.502325038148014991
0.364214810044825532,219.805416545349061153,0.554859189466444636
0.777340243211087301,223.229464804127871957,0.702810163687288325
0.403519172500470980,215.953000021741758019,0.532004390047503217
0.725644185355863391,134.272686495406475160,0.527981995954134642
0.235626096760984560,174.239039555274331406,0.686120789463641967
0.989009452277048506,103.591916450455542531,0.867003407995013964
0.577768553446158739,165.777525619968486126,0.850260105158633706
0.631400878850963410,181.815309855063162559,0.826409091454044731
0.840439936493761697,118.703081784436747625,0.516658135603509483
0.469227941718987296,182.325454142876708374,0.798912423752948464
0.911440430865125717,165.593066609238235287,0.876528862070380943
0.125246251715668611,66.914679284367224454,0.850794489398847609
0.548326554149113132,95.466448762871650047,0.900468866071350238
0.057123856736735409,180.144310836718119617,0.914724884644583236
0.002345079003769476,210.693741362928307126,0.775386173444340687
0.887994028143404446,184.883545834489439130,0.888126874544139855
0.549381610651428431,92.979451855126328041,0.563084078823081979
0.546452092114327659,82.170499099957183375,0.694689907607704549
0.460720656499067849,90.638969621938329624,0.875510824478589300
0.550191153893028750,188.569067861297270383,0.730378088170274054
0.435196587532316104,43.923503756802617204,0.622959807631872198
0.936296885485838115,53.629435063806475625,0.661761963792243058
0.468014637829286206,192.325760074861562998,0.938714319704135103
0.462168968956210124,76.954932302309771330,0.948701424796198789
0.470614369802528854,175.929603872882552196,0.560488095796870311
0.416584434067162446,153.684636727000878409,0.748663003970455931
0.538796298406651664,124.061673555518993339,0.543737363999404311
0.697170560815462914,115.219944548228369285,0.702763131856487866
0.127176742904483109,204.137621098455042556,0.889561449343666988
0.269994683772136479,103.041479746486103863,0.564946060326850019
0.887464041274707349,214.371173487384737655,0.509354071446715850
0.884342340256894399,80.806761260063566965,0.714565227941366121
0.121948499499301685,173.651453143532819468,0.737401213811777589
0.636735557430974541,195.110325853646344285,0.786886640478366872
0.387345287484988587,139.485788900796961798,0.608828195850557585
0.648612803830998286,100.070839242510416511,0.639540155243081943
0.114613350339925729,65.334342281087614879,0.605232169133705478
0.759476114760763377,86.871752961647032976,0.927895437774322818
0.570701064248901213,84.630950387123689893,0.900095350015640561
0.062734938916807689,40.270926517103163178,0.703015751282104917
0.402780832377816034,56.383415755898298016,0.782054319570112400
0.857557736734401166,108.247628438675135953,0.989461646878656009
0.816671993706503119,190.616760338903503680,0.630398369371525269
0.240613460354210162,172.036578801221395452,0.933877881304977508
0.566937586009093719,225.211117728042239605,0.741673787995373868
0.862871392006038462,60.677221732000134580,0.665903597979121020
0.038010795270937793,204.221438022612005625,0.613572421220966890
0.793459990965551976,134.418788802461023124,0.556198533897809932
0.304970999466653014,220.737585048354958417,0.730999397766169512
0.715703227354356319,178.862282060664455230,0.652200974354392948
0.678411347461321479,156.568259126025992600,0.795634787460871129
0.193914199135449494,103.114267657042589121,0.606917338436696041
0.221323964264650647,159.565229154314039306,0.737852133497827967
0.640950697005854164,189.713624853218959743,0.864638690561625012
0.285758490187244973,137.249043135259256587,0.765377479167162367
0.548414091538241499,165.379669006852395796,0.547773154895973891
0.182717610390235735,146.516128830619464907,0.580983315478218576
0.289945741480043706,162.901269170913479911,0.857023338879341123
0.572165482693328120,156.336133903933841793,0.567334209866304007
0.859541534483608261,31.440173296714160500,0.562030050269647918
0.918098980477523918,194.328095960790221852,0.743805401107002440
0.323007157134265199,142.703041950852650643,0.823730364329928411
0.614694463645652833,87.358114544982342409,0.595133848439246771
0.175389923464720848,117.189427721379942682,0.827410669837265078
0.943247153410709194,198.932185628208173966,0.870897841061412659
0.850784611804788926,67.536639593463490883,0.518212402147455120
0.802113886661562470,164.606790188726193946,0.866448088336994937
0.551964477679903420,51.680961159515263148,0.536012635216897348
0.427609376497853910,62.069525290586284427,0.674165568239342261
0.906004581139445930,151.009767597886963131,0.758329120237612675
0.902289403760079156,115.862749593272639004,0.973945959678614304
0.622651871043476968,127.409389531851360289,0.685232545372361113
0.718714977960345336,142.940996595869108887,0.511582523504417797
0.295181712801697527,133.849280641578332052,0.655660445300326966
0.430999146075758566,207.389670751948443694,0.689867512599793842
0.397327767756962325,174.447016885842515421,0.590581646046514530
0.190326046938610660,208.255954173096483828,0.741486845984186127
0.411781717353480625,41.513028976917276225,0.628294819807128868
0.952297799991295268,168.580465789808528143,0.604867461952480867
0.883337194145809690,210.623088937515490215,0.798414730551576413
0.932998822702796216,154.485357441516043764,0.956290620989356244
0.093721955645676439,217.100410356372606202,0.741126073394126950
0.685435037053055862,32.453607925150350866,0.902570656247535408
0.887669813287795595,214.173944713109193572,0.608834506246730744
0.669524807747957862,38.508888767304888745,0.806188656400632420
0.351216891482172666,108.477857770517175595,0.639017478929673088
0.501336525857940529,34.769948022971640000,0.979698668177532372
0.935470782099616316,69.260766593508407141,0.889660168796231554
0.328702278777332491,145.672736583355401763,0.917156357680834811
0.068179740187189489,242.696944114610118959,0.871441303360970254
0.202328286498441812,120.986834200182627796,0.530347568039392869
0.193653251902133394,201.327988728399304819,0.683948748291597797
0.789336341570071154,72.612982324157627545,0.653491220721480581
0.818707517703574306,98.687798917216412065,0.539793945971161260
0.430841378950666709,112.392447779981310418,0.868869990877681908
0.252468713775189924,146.194687545749758328,0.770665365373694899
0.304375983733147892,159.795663373618168634,0.730957940384724725
0.590708383057366948,112.477713116564402185,0.943932888546957005
0.050137830465638245,86.034137763721304282,0.511581220601550313
0.904587071174229762,145.969469083435967605,0.962518046399132521
0.945636277286142302,175.903468759003516197,0.966112994913741918
0.131186734765902452,29.799389997022210252,0.602569040905060360
0.774828310310504809,181.041205896823868216,0.945883420853192103
0.561819340217472929,81.224984771203935452,0.985921813655858070
0.062287324581343277,188.703432790483049075,0.721577670810600869
0.499324917631266130,76.091041786301516936,0.963057085428807080
0.947779443652748688,183.333339102329659909,0.584616179645586542
0.881902741947245050,164.101670067757908100,0.967479022023870150
0.287279867253613153,143.607283958701685833,0.635777256302573091
0.507697577913349796,121.029242651651514961,0.917574432143240193
0.401635058986203386,61.486222403095851519,0.830449142279741537
0.386982250728564348,115.272758670542245341,0.952246327313281848
0.377523301070239570,27.277146192444721606,0.780972832130977568
0.264141083243224606,99.733022818775822316,0.857533919490027663
0.780515392374631634,80.003614433280446860,0.513051529179926691
0.409967560987536672,182.697681375591571395,0.948191749255461347
0.767850372045451812,178.841376408694060274,0.802876959378418298
0.220008937652945186,121.601876701468142983,0.659918970965383211
0.476757890163421461,36.735073936843996023,0.698867761450977620
0.258019347897853468,160.349247014031249137,0.720665584998060771
0.691066247649888443,67.113138383072353577,0.996692603238841235
0.677416073492501880,102.421985491864560913,0.854481099385288156
0.245254860407177727,34.232267166603939756,0.574178158723194554
0.087736269273229014,32.005444262855895943,0.810820290298793878
0.622212970960344669,212.955140183771646889,0.557733753406963406
0.433604915493318976,162.411446860923916802,0.804470462847527434
0.903477278679343909,178.187158508734341922,0.922157646210069570
0.898298474914915990,216.892920507553753851,0.573749359598009767
0.517212705400671546,153.452548141178652941,0.725843842296090558
0.657274345290866480,35.651881413832562373,0.825460113569870590
0.286731943141850076,211.825489620639075383,0.550563844641979050
0.838711159472081746,209.092290790105010956,0.591536219502168170
0.351800546171069928,201.792367331216752291,0.737251960873529844
0.225812720859003502,116.978608580137503736,0.828144153271662797
0.893319732370795538,213.207208050657271770,0.818306747872916129
0.631231665850379486,160.804086359981027954,0.695232164852854440
0.897000985436233744,189.535757356641255456,0.936587010048120283
0.498656677994290976,122.364496287421090415,0.900262793629541203
0.872537241534879882,53.595852514705484282,0.742897907418920145
0.253289943116701111,69.815809269576902807,0.591938837313035870
0.577553620755353547,162.476578161424924929,0.970120690049801726
0.872150592055197627,50.114194563472196364,0.850872958647067024
0.266202041298223502,53.751003355638367509,0.832660829549152215
0.785258630870162566,66.173905855171369694,0.894522000112449200
0.691239552466746843,176.755505992868023668,0.696200025609093776
0.917459991290884291,88.140336287078383748,0.834411585321886751
0.414156085114913641,172.854371096931885177,0.771889364835514957
0.629936910830818375,183.402176769883539009,0.800400104135581492
0.931119830430944262,246.974084767105779292,0.964684571367167787
0.406106888154010748,166.017234391847722463,0.553322672954823735
0.613214207345172513,147.430366214828211469,0.959446780606513783
0.463974242433150386,116.015112056116564077,0.742853402915782834
0.034795309661357202,89.981750466711176273,0.733130355583026971
0.306765224642042256,211.090316547189701168,0.856074842158835225
0.694966988828624954,233.513337560733020837,0.906600171489227113
0.573343202603741720,207.335538799016347866,0.864031086598834430
0.398379857133479343,204.711734875763880837,0.805070013808384277
0.374957888221640556,33.906186070434337410,0.660003446404344940
0.307827625002606353,136.481110086834661388,0.657911626532040161
0.234055863705158018,198.648732998228695124,0.683513545588464777
0.793439807432863464,207.402905229623968353,0.710911250428703068
0.889244329037162995,106.143238521257146090,0.507010925454880468
0.060708943302736865,200.418327377621096730,0.832907935789439779
0.442687510900902526,124.655019457266590166,0.794562278865758698
0.754699740421379772,175.380584242252865579,0.855300632074575851
0.111055518722598279,71.349227011345774940,0.931173186802783048
0.537130726313906126,210.974985448955436595,0.529410655154887388
0.681871934957281711,108.588338299304496104,0.897288159236617089
0.943488178052971249,191.808884827175830878,0.640293538068043455
0.864933516777564360,64.780253488742431500,0.713234783778627035
0.490709490591444808,70.872888993560891890,0.966528982737471565
0.721437956395945212,183.528478042382829472,0.960385059365757909
0.404173889802128428,51.219931404115250473,0.900575421425653388
0.764849187650112783,166.638776396630703402,0.719186049358045532
0.729933074728527753,141.391243001523463363,0.626311387666075192
0.583609229500732352,125.432196636967574932,0.795807169538827686
0.010264490060191898,216.728480858969334122,0.506886087640140315
0.661849017766861558,36.675967706677944591,0.840101967282674278
0.269918384603281936,100.692381857242921228,0.534949320073227041
0.815435417932683815,244.514880804535238212,0.755376560851133472
0.680399163727744005,146.930632083249719244,0.655465427985166271
0.228633616826748126,181.395699824562058211,0.805450318318535086
0.257086912955497127,152.207174749861508189,0.510491671372359956
0.675428365533408570,203.900314145675309874,0.856747091537231276
0.604401909172107454,105.859867468775462385,0.886890630486993348
0.691250912704517995,202.666143159398131957,0.508834285331868807
0.278402672817153085,99.916231904458854274,0.922437360382925009
0.123254220864033676,166.297299023449880906,0.858812274116067642
0.636941077987923099,67.352630712516727840,0.714754469271010495
0.608495515356509031,109.619645483290980792,0.663548109438769296
0.702496118990782348,61.489920131286126548,0.892319697076246254
0.245291942259644902,66.221757007220887203,0.688281762305928968
0.191537039702032896,209.674411035173164919,0.513002039682990296
0.180047686498059800,130.367300687764213762,0.814324650564563046
0.395912639498515628,74.128395076891862914,0.953881173178449893
0.806908682506617514,201.080132575642096526,0.540529395695054760
0.813554081447623201,178.219029837654801440,0.994911602530397565
0.596870179212010354,199.620797006974015630,0.637133276049590691
0.955182675352337807,173.066280686033849179,0.906551414731253447
0.012033875860419537,45.555344753736527252,0.950421226873507830
0.268960240142230300,42.082884808861919623,0.874644889957551408
0.735847152519893521,190.521210298532764682,0.710065706036734801
0.275905943417357580,87.718271783621375448,0.974983056087447952
0.684456548152225897,232.145871499985219089,0.736661883117601946
0.791409621058519308,50.038275725226000645,0.735143181630940501
0.994411223529612531,93.749585533415427108,0.628827049361605050
0.634226794615406209,169.402793702107004492,0.818915196068952911
0.300985841118321884,156.691913608280060544,0.521582260632234229
0.761352727137690644,142.008161006103534874,0.971928062705622264
0.385742667636149450,192.112929133040040597,0.754600697248514751
0.888543562235402429,207.785460913878353040,0.528529832440737035
0.487287056204697699,66.712193776726820715,0.957736061225093360
0.078160170578870800,82.167470311278449913,0.649815714897184149
0.284362078142881891,157.156914573826270498,0.569831419938509831
0.402154259192134822,130.214667831277296273,0.889443058307408219
0.781783892115897383,189.982854534392402002,0.563999539224798285
0.400372446593923681,134.676079397129967674,0.599254206377015097
0.518354669405661883,171.527199715220945109,0.882526562202166076
0.302918430191306653,153.930764292054192310,0.980769799626908134
0.424898583585649803,44.810193548314749989,0.697524615501502243
0.048212815764088764,226.560768984606113463,0.765469779948059426
0.428650084243883844,184.669007595577568281,0.972851703621064767
0.545844415778935388,207.830440647545685806,0.627738451601706049
0.381339764681505711,127.536077531867292123,0.573481558208800535
0.228606161401675612,204.883767663085706090,0.863984410550868276
0.158269844016275113,180.231082613642854540,0.652782868698247865
0.433358255762919586,130.517185914134813629,0.835870284502511884
0.428307505930973165,152.674077975578768473,0.894962279651416726
0.911302546146070092,212.357200011636592762,0.520411956165067413
0.507085777056511255,99.958656322224484825,0.730175133999218740
0.444565202498501344,221.095360335580409128,0.567093944814118900
0.510090766150093855,163.752766808172765423,0.780402305989960965
0.498754247963108077,116.844694443719234300,0.633861945399976312
0.825520485661202064,202.176856990113122947,0.552259772083511846
0.728229058477791402,72.358674692244989046,0.507259845867127801
0.204613504414774217,184.419275667613277392,0.656022871602751301
0.626753898458326630,34.761045404399759207,0.963532820086370756
0.536956419779993532,175.110093517109191907,0.869438522924766755
0.802471296658997857,115.454526775423971685,0.592432035070411089
0.333696811817220329,199.346768881846600152,0.567871152770657028
0.039089999794569355,194.229271259527621396,0.771999802331821861
0.717326857542669449,192.066583105244063745,0.767597612726142575
0.509184775868664952,37.613275331208377850,0.527730682807683649
0.890218711286696607,37.474508641794493258,0.543768905434056204
0.247318956491797665,29.466981480308312769,0.546555866461212236
0.125556295808588597,132.483634868802852225,0.821996472477558138
0.856911299674517513,42.110713475944749007,0.709648593050529519
0.769005191418594025,185.763553780078524369,0.643298875809646731
0.482779136939234299,146.536297937877094455,0.885654841274639670
0.249567216974800415,153.836394833888931544,0.825320811996554160
0.560038284114563578,94.374185360167146541,0.912707494966048971
0.086335254156183872,27.777656581204382746,0.882671766533482116
0.091473493931856290,72.165943763594810889,0.670488127462637418
0.145471866414760453,176.728921212351878012,0.671820735512945411
0.497950506935264658,189.382787537193365779,0.818554622335373350
0.002621926449506293,67.524867795209033261,0.596542066545765026
0.172218715551068935,189.662974265986065348,0.851791806501468685
0.933032676594016452,227.905330621620066722,0.577301524025014889
0.473113329958172568,202.549474926813871889,0.516482569561528382
0.810520603104006088,186.733783879054527688,0.805624170331101563
0.636002953689040140,174.219043635592981900,0.966247098813708516
0.448851644142607253,96.510341820416400083,0.511215203810101881
0.753897042509191762,41.416347831476024055,0.682994379666793106
0.678285612007891836,178.773249017311457010,0.762968774633879354
0.858015282217363007,169.282879986781608750,0.964506206582797510
0.647366439892972267,189.630355132985584987,0.854917769666070360
0.895550711810073063,127.240843508719308375,0.801490091666430482
0.102412664294777800,145.136719878758214008,0.670457952048296280
0.290560412792847667,142.247380923721919999,0.562959742199292124
0.560109729944221590,182.387220268067892448,0.684795041243440594
0.499858403907832871,187.890871715487435267,0.821621215976921282
0.631523064060497408,38.414103238996197831,0.693246683265979380
0.281717923618407862,129.005211790713786968,0.786280263642325283
0.000511971917657130,48.755830716683163928,0.679041041979645987
0.805540193344150723,220.399711656265850479,0.829734759803290922
0.710066336473436532,123.002231711159552674,0.617511352861961238
0.663940462656157915,85.112387984487313020,0.559051085954622495
0.447187436080044021,203.470437407601508539,0.887439286467736177
0.493919883080094269,233.060270845930176620,0.664298545958902809
0.906721469389161427,163.266354486069843688,0.846946741715260965
0.924832355320275412,89.089896888390768481,0.697810231000357550
0.758181360570314600,194.655141561873534783,0.562308011838266619
0.285460073370177203,161.381906659041021612,0.876426276403855398
0.780451562065139659,96.249777929698211665,0.630126752090147901
0.309269264275120248,57.472218702361878684,0.601169421502051549
0.197970349124680284,65.788451196295355317,0.872740570436829288
0.287221409710768649,195.287051923877214676,0.698830396639976370
0.061262654581051783,63.816129478280615217,0.939371151886412625
0.327420984683555960,159.560277275147257114,0.838148916117246179
0.945318757233055695,147.740896245320641356,0.860422127822000005
0.931304218915167792,113.585156624596265829,0.849001501213340282
0.840275620485328556,198.831955182423627093,0.789240160112709699
0.880905277860515201,212.002240940749089759,0.829682358850391988
0.102907403440923126,145.422103843204610030,0.620223013534352274
0.035219397105673345,119.722540665881908239,0.968869660804253630
0.364110053798535283,68.587273094000138940,0.520131663856152726
0.802087948629629954,89.530260337635837686,0.680414586215318806
0.252123571510842304,110.643113700412868639,0.960653551375271864
0.246353265830631080,25.893503768826590772,0.789078131141299322
0.651302329050135742,62.717904403671958846,0.724248179129940106
0.715115721899317491,143.323199996490075137,0.956972495405738921
0.368773067597773230,151.669373617799806198,0.987893333152169095
0.700667887784488186,211.131558038396633492,0.817918217537085601
0.095896038962965488,197.625660490012052151,0.795978903979779662
0.071232382528708865,208.114275952649421697,0.883297052153738993
0.088572299038917654,206.897544966112462816,0.650203070825764895
0.231965907802314325,215.084257913610997548,0.970997255550388405
0.377435582421000004,181.807342461639194653,0.569472060483345754
0.260674669274179205,144.311703168663456154,0.688317599791665513
0.920966157158244703,192.248605986740415119,0.949653956691508649
0.483549194716215325,174.380866488806674397,0.913717113718795826
0.544883807224184280,176.064884827297930769,0.623701743079846049
0.839086453317215986,210.269278017462397656,0.667072425484644072
0.946097709047646784,196.833629874127950643,0.674668643481469488
0.833123817308800807,94.707847994775661959,0.895793246026746259
0.196317634305018390,188.429991388165376520,0.835037166814172949
0.686669620637318401,92.272316931416852981,0.929879329265674182
0.052131053792198692,129.686465331859750449,0.604525909831668762
0.722601620070063344,208.250403184962721070,0.875725588629058027
0.576668384536104806,191.137320351390883388,0.523215116531230540
0.708165471799249602,137.419617387358044880,0.601118341549093382
0.180521748656879505,197.880969672863670894,0.972270212718848170
0.141875190429632286,196.319309463692661666,0.896602996637356653
0.579034840062895184,182.328978542737644375,0.611569527751275710
0.280257427297904704,161.645359077657303715,0.575384258139186144
0.299895717783640603,97.838907799381559016,0.541019025888335947
0.315723851057033378,210.333069884051695908,0.723368612074100859
0.817097350623294694,41.546994916518293905,0.799550234525063575
0.015306931615635944,111.870701200272606002,0.710093622069621566
0.574270592962323079,149.123401315491776131,0.796496169563324141
0.838578464310535621,193.518969054415464370,0.584234018059836324
0.131848257982430606,140.035432115439363088,0.884892582860173471
0.961096546915005678,181.315976939466764861,0.903624836134675702
0.864228866318886735,53.309923411390933268,0.952319780632826185
0.783684746017245915,227.185956474058116328,0.672936489177342945
0.925479845432949588,202.790866196827238355,0.662628868652168967
0.441195180731571324,108.990259750680323236,0.528109061044347849
0.183929466363755262,90.715415005034230944,0.650339339605880529
0.326899146019208386,113.247109765569078377,0.812620597652381371
0.297505806724489508,209.233133435570238134,0.802280170726083375
0.796337992911133052,174.749758995029736752,0.878411311058031941
0.335696934094865285,142.291735372504348334,0.824921519690801630
0.810284183385048595,146.179312136415688883,0.877161876481471370
0.396206162964673092,195.158082190437653480,0.709686031300299947
0.043339228922355512,182.505674218515736129,0.793822478925251263
0.759476114760763377,86.871752961647032976,0.927895437774322818
0.138612415808241601,140.852395013414678715,0.604647073604076657
0.598060887253752060,200.552483298603533513,0.660575380621613473
0.730858135648858154,219.104914191254607658,0.584379005287286257
0.281130394197541877,64.740401742230318405,0.551395155963815053
0.085711331557009371,64.743449323030475284,0.927275020442014153
0.524047194033346653,181.037423835092283753,0.904729132100770550
0.460774810453704164,102.106343894034580444,0.506718117769750176
0.617401539215472916,188.853482108897679836,0.546110251033624428
0.951362803188754325,162.046931230273798974,0.951077729418997264
0.303768727052692589,186.018492225855993638,0.827393042442946314
0.238349700484328852,165.053826503908368295,0.960950688684306442
0.345897513161840031,211.520656430839721907,0.793611695055915112
0.622108770906006914,85.828582930454004440,0.682733555357857180
0.063973521261258187,59.880750951553167738,0.976342031399786703
0.420486216389636680,84.270218680476105533,0.940947215494091882
0.819759505864907978,173.846057095968347994,0.984438044114621325
0.894192758929598486,137.044235728383341666,0.968514872039187291
0.259579838315963929,202.258389093643074830,0.978056062602736476
0.685433511973899234,217.357129400139029940,0.523132574317984766
0.460195960786844771,111.979939755172921423,0.986679057113059588
0.445636303914035303,78.267037046874577300,0.789577530529177563
0.120279517491458085,49.057182523203366031,0.759232766016549987
0.223286005221732642,159.366865858662976052,0.549346841934152619
0.753113611327400068,141.148073923515312345,0.715326778072676861
0.417577388099850622,205.748816088972120042,0.935443442199741071
0.284960039426370881,57.311160859601748996,0.861824999614436371
0.885034382183731094,145.710528485663076026,0.956582233993667597
0.418583153865070001,78.004597352153822953,0.863698901425510424
0.972685315821319230,133.668716166344268004,0.880089078409523551
0.111013722921259453,219.799654151067926477,0.730721495871335947
0.452105424443144055,96.371355669674429123,0.998936051332880548
0.127687005665743231,186.921205202443417193,0.520983177411383336
0.568425493927465442,149.219712381717755534,0.941038121817039275
0.252048003781669805,143.121482691867441872,0.847218617228916560
0.334057495268913984,80.545803410537075706,0.942134621611256051
0.495773033382697625,101.235200950264257358,0.750130337649455914
0.554853433759179171,176.882966769113778582,0.848642319559680725
0.001504782603636772,70.144162248038369967,0.840358649717849349
0.367695851587281908,125.915647217417514980,0.976565708688697853
0.400684014928807397,186.483365161144519107,0.565802656531976367
0.676044199798649936,191.739338679153860312,0.927201633758480748
0.927279871043584558,42.629736291808022486,0.795616104714666927
0.957709371784600139,192.358705394349613016,0.889602928384430447
0.534802021664514959,127.680101527679809692,0.989277007016985066
0.804663278858041675,184.917941030984451345,0.856226757779968817
0.454254722436993663,82.273599066208163322,0.850121957474054279
0.120796250544157241,112.681337154081944618,0.550756801600757795
0.528926509012272228,208.114058446202875530,0.809414271023846221
0.171053928377721765,40.335772375124072653,0.832844497816524920
0.809297501969599264,44.921534070967517494,0.896031584249457280
0.180739223610995176,216.310023411203275145,0.730634623556352780
0.615388055250136290,132.012911766742547570,0.982559177209842760
0.939574256269657737,165.583878284189552232,0.927150341031957814
0.959319531965552974,36.955586498354598746,0.879566028719884985
0.947486818407619724,180.603380445940871368,0.934038398348023602
0.337869121840225772,115.689524932608549079,0.767492361375263332
0.914338125882376285,197.232816596907497342,0.903386991798846073
0.271166442258153506,190.718480235186973459,0.789973027460085908
0.232748782488533479,48.438168511183057774,0.514676576438716116
0.388620767231969977,241.498431369458018025,0.753635090065926772
0.703616644822839588,191.337402557805972947,0.680721468417729070
0.912049847701827621,205.537396332358895279,0.703511080926731425
0.804173437261014423,108.641564493083095044,0.578426980504312849
0.358965238195931846,42.798880170736289585,0.733640118347549830
0.014143494802459805,119.937961165028511346,0.650858435017930170
0.103572736686531289,84.515905658414880008,0.901600647189307214
0.044185461092888005,54.333861501144632200,0.840114484538148298
0.312418114232776212,66.675751015687239942,0.529915341505304061
0.572940852779061260,105.783257848005050050,0.565457621220426976
0.912477269598104379,147.761451593975351670,0.991378757952648737
0.477023020928347807,43.502821567439369232,0.975494653632426378
0.249404463934239207,134.056273869617626815,0.554802207196483765
0.208624699262523861,42.962732041185141441,0.963484993265026235
0.507798084810702877,167.742379807552282500,0.984109250657866363
0.939173383905931303,157.380223255641254809,0.792921926641212638
0.343273862844190480,94.520315269482480858,0.618141291430697959
0.030154722821185285,162.105531011554319321,0.757785663785966013
0.807025320780422550,162.278859764195487969,0.892516486471940818
0.695798563613177490,176.080786130828414571,0.524207824064916728
0.642818633213958823,170.346524572828514010,0.943405754104330585
0.541669109519748337,155.585113168172625819,0.690627623083701292
0.839038486097507974,99.753669324989559186,0.904321196610325062
0.506164346183395009,86.655901489475738231,0.726711476877196616
0.573205832964632456,72.291785143710384887,0.595286540318831214
0.265389824975464150,64.701145846439970910,0.505760797082076441
0.437056021647162396,88.576391281700040281,0.734933790365132511
0.116114240360676829,173.292830280774325047,0.895243519476622729
0.313000122036428408,56.748138301961233765,0.561345452071386197
0.884867136830041812,137.983335060379999959,0.805987846981884526
0.541767047441558347,43.565140587848560472,0.594461340710057518
0.769011252682953450,122.391500348986383528,0.699696894541923964
0.526553231742192707,203.510994465106705320,0.796554736248187845
0.520739274853302847,112.465031075537297056,0.985687157215826337
0.278402672817153085,99.916231904458854274,0.922437360382925009
0.295016130480828143,201.590834921395128276,0.830364288914968274
0.420989190880932729,117.653254770586357836,0.698903583065761835
0.478727209237086393,178.725461484627572872,0.945116037059877789
0.681717342285802497,107.977593896292560771,0.676724559984340113
0.726484122307804348,195.883078705020182042,0.592996462072219344
0.865789358000682796,135.029190500885647452,0.697435494940138789
0.244768469306650582,51.945846009894879103,0.957745641155592575
0.777093644430791652,140.566767859354968095,0.507966311475267829
0.244829954914868975,151.620634975515883980,0.567104751851649880
0.838038049941483454,28.408579491541733120,0.544762372000913597
0.144629936716507201,135.585359199572195621,0.641976327136838831
0.283759574265844916,30.382733956729666147,0.579908872396356911
0.130397565340695354,172.384358397505991434,0.739618467459528417
0.763555091055763024,121.552461385373263170,0.559704803631752568
0.881888761568982216,78.593220656506133537,0.810082297076189173
0.084974598127844372,103.779272834600561737,0.945470014425803140
0.346038739686618635,133.327252960895407341,0.789966379851436473
0.751747932581714684,185.872928037849703742,0.641871512876621253
0.356065826247887629,67.634790693191490618,0.517600923770038079
0.306889559317269855,234.918523402924734000,0.578413064087515583
0.206388302129834889,177.005964695890554594,0.507587675269104310
0.728263262500819963,31.783564598751684827,0.777357033162597522
0.340298312953183857,128.126741456950668407,0.790287779367793153
0.224883979361700209,158.792418538194226585,0.526327977640294153
0.911634288057826092,44.173386487019570268,0.835035830954357738
0.472261902962020419,88.533916109170391451,0.920117056631974517
0.319085095795089979,82.895754579400019679,0.930291842821421189
0.597876980888643383,63.603840766226582559,0.766993164342857026
0.276748708416147737,217.976669660426324526,0.788137857631736383
0.041127013667642848,193.508536987637882021,0.911371273847373597
0.514661440605693743,95.186346058205785425,0.715924503107824295
0.801250649784640334,203.157093401450964620,0.876830369368558848
0.730933210090254692,204.868685728589127848,0.722293993854729810
0.923705608939343614,201.475071117054909564,0.609809132123475761
0.417071762984060679,29.733534672913172869,0.553494473069359061
0.577194708083054286,113.851321231040202520,0.946953529655917170
0.535746734687895354,63.516433411062763525,0.575138619068645496
0.318587685206781046,133.131667308411721251,0.749256260233390203
0.197944346893480533,191.539471498535618821,0.872883978011927519
0.942141606020430955,104.628835394314393170,0.838620242636074820
0.143710925545394469,136.783606692037068342,0.525837882635754483
0.501064994219377668,169.971943627146316658,0.568991857789926669
0.760698030566330563,216.660554600635720135,0.513467027381642405
0.843097460590549463,215.077888073614445830,0.615755055363703008
0.691383152417336388,134.951213549605142816,0.678111235272097490
0.002300302872267312,126.953260563535749839,0.533490485418116278
0.716204764732050858,84.986485999070637831,0.876593823143426598
0.833653227082624682,206.709579225173428085,0.596631755067879244
0.353273632393056480,38.663916020294863074,0.855864326357604233
0.640752817732875957,105.054920574896627272,0.536749655996242359
0.948650862733319555,83.242135573641789392,0.761921707583317342
0.183978938152431576,212.378606643110032337,0.992337509720678246
0.462613824982941291,200.332756408125362668,0.501396580239928946
0.399941601965950633,50.980043154948525341,0.737709027405658357
0.790636702134337788,159.611162391014516970,0.665939943318670791
0.000694740287796946,71.749027984843721129,0.503864989677821673
0.293585171913726850,174.691804775002225369,0.772485729891395967
0.720582133606355812,43.940683910421448388,0.612885072419228516
0.096566934000006086,244.619558257287536662,0.985745623059904874
0.691856747913194181,219.834735872202315932,0.929916978382819504
0.772105311081091372,219.610995045098491119,0.666086055030417401
0.548091948262465878,203.517055310833313797,0.516952342206774662
0.633858873625226305,178.369108781797990559,0.587334539478679418
0.849413285439830190,33.101986776108098809,0.680913652220283439
0.683107166247334585,86.862692486911029732,0.939458837887957032
0.940013466881207682,170.868868600760521304,0.768120654467004838
0.382454399902180830,216.358922182237478182,0.695522855846598231
0.186248402073475705,147.460905396205959050,0.816122349936405977
0.017455049358901877,164.436698935486305118,0.862001369822365970
0.650503757690976792,72.836781537728271019,0.994549639373102590
0.873437632941767794,135.911974538093829779,0.794782221564477864
0.294198564430838916,93.570294853080127950,0.579162293660894889
0.235038344852015940,93.453938744975303621,0.634199819331464743
0.691256815663680357,193.162927397680448394,0.565533297143334779
0.831070356047496683,204.863498651351193303,0.661465852395517251
0.120753037114155998,121.996581451384813022,0.911091871572236700
0.019519442951982494,98.001515238930224427,0.541821015744913814
0.008159628391122640,65.260305081838211549,0.865114503534003210
0.418832679481252079,169.227102370826685274,0.916083784802867673
0.138641053033487005,179.326533529018774971,0.562743493891099344
0.685151489270825587,68.500734259136692117,0.562631184852177446
0.784517285901259909,114.039257051047599134,0.845946499776978111
0.042633670012562901,180.058262044816842717,0.637663221753586584
0.692893831000939153,202.753185431788267579,0.646272002524792666
0.143198149186404000,44.219252527216625026,0.627030281041789928
0.606868092916337920,122.511492659638719260,0.797257307020022177
0.739876867507264557,110.434188037454887876,0.991777441459643416
0.641024650895278270,37.188459476418003646,0.891176549523236661
0.938264898417733861,127.079181694010316050,0.668872458234406997
0.610154487567522663,111.599624650507749379,0.830490837663582337
0.930598473654070224,130.055781917796565494,0.809134631733841370
0.059375902754350444,50.591566956410638056,0.848553117421453340
0.084768936850846507,216.394706231385242745,0.966144023893190318
0.853262354653676947,181.991007342706808458,0.646412143460814770
0.377986855540192512,50.507024440337531246,0.782531368658851201
0.179825938490593223,197.964830598412703466,0.554093580917120243
0.799306277886424055,181.279883049595355260,0.577864472570334686
0.442623607580933665,112.511729538743196599,0.606845422477356733
0.725559001486959843,46.539710324769835381,0.792670852430223394
0.784362605201776364,175.678370205875125976,0.754074583178430347
0.391301860745083607,217.223266177201253413,0.931040741796202553
0.258879254380458612,181.324479294110176397,0.860018439710882543
0.375031963053348849,211.367064784081605922,0.786004411723497443
0.472398272769477157,49.165447075904360474,0.531493151177729994
0.251032692398001411,26.387431256575503369,0.773612316748376716
0.684783004844938481,210.647534612797528553,0.573148482698817463
0.500369864391662644,67.097852353024805439,0.961052963703445950
0.320568726090723677,222.327750628829448942,0.751403079718903855
0.618225747375268031,91.662735005306771541,0.723190519772797136
0.908287995364029377,186.098317370962234918,0.942954999683754735
0.093651497073612616,67.618735303687330429,0.529881910089530783
0.937879635581634563,153.517985044741237743,0.793901902339381960
0.556997648454519156,159.391718812703828689,0.979337750512822014
0.771008227046301786,182.742882946011292233,0.877321935534931097
0.410285119117172803,58.402705491378107183,0.739298365112755707
0.994423341462868482,63.029532991252509078,0.832165873289882452
0.422243855651545985,223.030377351222512061,0.557858140124963597
0.488666104921009425,30.655167826413215693,0.570180463635942547
0.009207188623190220,78.089159397895855363,0.892737172636162701
0.421356043148451986,161.683283367408364484,0.981412651236960087
0.584895884525870269,76.611594639919587735,0.873415457026076258
0.211413624271001160,183.284577421952150189,0.659212216322224487
0.754773771932929938,54.459594919795378587,0.588720814085418431
0.908447766610949392,70.819774739691936816,0.703770788309537765
0.771151741114406986,167.373517590604109273,0.812569042640062356
0.594689307362422537,117.001163524091978729,0.589930850468744938
0.327844507779430083,182.312315785399619017,0.882338420582173266
0.436397285768891752,205.650958456546874231,0.793960813797815690
0.452849105715893652,91.698480688705174657,0.755764451421528038
0.590956413093550181,53.737904370486837990,0.710590664120232418
0.064033995406919592,58.385468021518427406,0.639294606120438758
0.066716695937782330,242.557815786735602614,0.631054098647553019
0.746411443247564477,202.752064912410759234,0.717950940744859656
0.333498340803568050,197.767799887085260480,0.713085200456693324
0.759136202993308751,95.356710048886910158,0.573857936093899790
0.759432665865363732,128.897343026903683949,0.723689471884252811
0.564322495557700532,90.158671949742483775,0.580157078754074074
0.965120066054817816,44.391527351924715106,0.574599916100357877
0.263346868663450084,165.028528681586891480,0.560269679577655944
0.660879787995361179,196.270141948024217982,0.891034132024468573
0.919006505193480594,98.006717962882177630,0.927307365081298185
0.183907851893137964,102.877043260552071047,0.669619156789602155
0.837745914082360099,204.260368992057834703,0.942522403658698993
0.604691046166060842,175.526196458309698301,0.853493806666951960
0.818577021377033587,185.380965724788552507,0.735327958260599712
0.789717170439296456,117.974151605985170477,0.913288287286812106
0.359582068435098046,172.134741954920173157,0.665578844794039504
0.660350186094042724,35.470370960671708360,0.964166540235901204
0.082918732327300640,55.857772398757497001,0.528873261057313027
0.012178280957432654,139.976402684296118650,0.736373936046370470
0.920836278194166247,203.071889589231233231,0.716125935626018451
0.488404604387118801,77.987238533752886838,0.939804265800671335
0.682494672079860476,145.450815287685685462,0.511009600279314191
0.559041287949308963,208.808652558032434854,0.801793152624442951
0.398819695566809462,148.655661014303547063,0.582486627172047133
0.177003253239138042,31.059046737311678754,0.731795808510007029
0.076902731210183317,142.292299969108711366,0.694024606360988616
0.429662517896989837,122.396509446254654563,0.646388586499925588
0.682456903543216864,206.208586802551849360,0.650111256659411274
0.005508210433195481,70.788039801439722964,0.872778946361391528
0.200129349755286207,86.693295205595447328,0.723366776093693820
0.650486461664576798,32.182636872021554098,0.955139855758330714
0.410349053695185595,237.282835173024835740,0.505611161572267709
0.917843975782111410,169.321906083961010836,0.637593436686727300
0.267602825967320934,138.047100061872356491,0.568160771193200187
0.160456284595391074,63.365831962171071723,0.507966075045080401
0.155967891477668236,148.969159238598223283,0.507346361368231857
0.563331109420373122,83.787442232885297244,0.856925938217401484
0.739278175250949743,167.202734835631815713,0.627242755444455069
0.021315071333455244,153.029400170820991889,0.918297787144870425
0.438328453972324894,134.883998087681277411,0.878631874870104856
0.170771884575449034,203.733057744735816641,0.932087777122951211
0.489446230202426003,196.857373601895830006,0.900581923589229394
0.007527289471573313,213.537638752456331304,0.916256743632349435
0.058960525518773704,26.361902552355768847,0.966623299281177961
0.754628458611632857,177.868665190548512101,0.968058892887041500
0.942276019074766658,199.890642437594152625,0.790653346108515787
0.816557409860420025,155.660829012534264848,0.540020063338631950
0.946934299644154320,146.720606093923748858,0.671475790752520396
0.568384604230842139,93.474460113255787519,0.676891397726082644
0.349060770610007343,211.253970186038685597,0.815484476447396411
0.277807433907047152,136.385274205631219502,0.601823597594682402
0.942100940173960177,167.144654812355923923,0.624528172108640978
0.952794533793169030,45.662165536732430837,0.801430097893525928
0.974954564992225436,169.883350511052100273,0.833656701467501038
0.306817266947644107,78.435893084421635990,0.661711668881016846
0.242424414288281403,170.461255301101090254,0.523726785212558443
0.721145722656321153,38.595592919307229351,0.894215934367874166
0.097035964721734411,48.144785882808633914,0.979764157058344520
0.959862040884145284,165.499855040806920670,0.991542570868240047
0.226342430400261224,136.669555588983115513,0.786727470943428542
0.082261939933770817,162.650854226767393129,0.618732709289403049
0.335888734899755959,121.179033088537210006,0.864830732787518763
0.319179163208991423,204.517790039047127948,0.651653469930338014
0.783371340094484170,139.849269284780262979,0.503218518177831364
0.605763026832223384,219.522824338334885397,0.784392796511603541
0.664708441243032966,208.990422133308982211,0.693711567049908107
0.818916938288900886,174.341048475250772753,0.614326271744169650
0.072775947734571231,184.333846164775792431,0.791211598197402166
0.857130306631130656,180.308839187868528597,0.913622808758502325
0.593836031301952394,42.060057099394519753,0.849857212150219254
0.089760266358010474,188.385811562327177171,0.739616201486094194
0.923612102818312741,138.092246073672413331,0.531081434625798043
0.962159402310498679,147.051280985133928425,0.924938795566164984
0.781111875429355229,36.825002708342410074,0.768976811665000648
0.768057658992002623,88.477268503461090177,0.701921036628490924
0.467353403902629749,151.660840228192597579,0.683580251418307805
0.103021750120366351,88.144136131816310353,0.839079597991279402
0.576581678936413544,199.018429082745086589,0.829862814634484969
0.110440870413585565,118.458499931461176402,0.810424510216307903
0.948561734891971708,159.075465541785405321,0.539515816177265961
0.080873311348727689,216.337703959340274196,0.908232674883102442
0.234314730291358658,191.831939942852073955,0.990553132489053079
0.175240147583295369,30.804903647689918955,0.564767886877742820
0.359588253924951029,176.556735005008192729,0.978986375804011710
0.481453398947039590,98.622035819225487785,0.600150259936191977
0.186105225548039821,189.571131942653863689,0.850906517062389622
0.891916171146940107,208.573135004689788730,0.764496139158614141
0.270704582739866362,41.759673258073590318,0.982684405972870212
0.908936121833313071,140.517829559959267272,0.565746714074771062
0.419878664492342346,31.435988632197318537,0.830433017939328000
0.045701206810070630,65.913341093820761785,0.865374754422479575
0.553768491653737649,43.823982724317311011,0.774158780462919638
0.410417466124597619,95.254271976311017056,0.683935901134816504
0.662702644986460254,31.201126281757208147,0.982516280043352230
0.179819049685326554,98.710512371071402526,0.822764350447596882
0.299044735813913887,213.251227423739749156,0.717554657225404902
0.009758832664078565,144.987419530336865137,0.954138252063577497
0.706224103036752426,189.138075907161322675,0.501295055938648870
0.578905058352344071,167.614121507385789300,0.562360816287796328
0.422184865434993284,201.778821518704717164,0.511032584348864671
0.532076962612066717,197.330111752141760917,0.778782826325744248
0.229557885119583693,170.265425642557971742,0.950406097096417879
0.460741010157463327,116.772909787052398656,0.706070713722452004
0.229750123774974557,45.801790310897281699,0.575919897286848559
0.016346838838297552,64.935186266001181821,0.533939058650270693
0.383278341690986235,151.349862468233567370,0.548914048710026914
0.237099413051870461,214.296260108889498497,0.535962212732284837
0.450009872199141958,49.250275003409427654,0.622718617085981085
0.889016736674245189,149.042341579758527814,0.502315099659427888
0.473231383782819370,28.901370023642527940,0.632606819262283349
0.720603368590093996,113.612300488448937585,0.772759367927967955
0.654398003374081938,223.840321378307834266,0.806799536531084382
0.590760291441431162,132.545254806810760329,0.832911945266141762
0.660991825187990156,192.990436308493571005,0.879841917645057592
0.337447409833980472,208.218612879531832505,0.704358015709604657
0.708048693282259833,189.804878492615273444,0.746685335967594899
0.560686288152934864,209.153868722553056614,0.787417819370706651
0.773321709881823915,177.779672549912817203,0.718847940088122361
0.159170903400433134,30.721360747485643827,0.974825275282912518
0.192497697807514245,30.222304100242823210,0.572432074053840778
0.294692184893667608,50.755916553122624180,0.911065134734641568
0.428393305271702329,36.503867918484807831,0.820314204385989898
0.647378123738759359,154.702156084230750821,0.715340479205334501
0.623359229691715089,201.163149125534800987,0.910000652414761690
0.444108975370186621,105.844355922317973295,0.520358282869691768
0.487108514044557628,55.133987567444485478,0.706822990087570324
0.123831607794477522,113.364180425091220172,0.563408223299245225
0.465861547635192441,166.982555992267833744,0.822246401903500623
0.609842968758253501,160.092845958554050867,0.596554326133630242
0.520734148609636405,199.343751858854659531,0.787445050966679161
0.117944507534679360,164.868365069868758610,0.659894865918075890
0.125948607244363187,210.925977543058905894,0.562332038814107094
0.865746701642005179,84.760236545927853058,0.838136919396236690
0.130104468069058371,177.879976001618416603,0.934569537876742351
0.516325265230951014,85.429852595624240053,0.813214787276657858
0.962618603251224170,157.400801942722125659,0.673012216821981757
0.027108514212479024,190.287949215386902324,0.604736597378439433
0.430118995810073013,35.003054368750284198,0.814066849675881610
0.637703357065783960,126.326680428465706996,0.724740655083132679
0.489659142116217694,44.699496011407561014,0.726351684427128053
0.670581665291592244,177.674342752750618502,0.939327057186200021
0.217454215398643458,38.004774707252607868,0.940346681267978490
0.517981740321129758,107.270299111952525095,0.507604121995064217
0.262536299322351896,170.134133558110221429,0.899388898622988875
0.784234074347479493,162.825436145504426122,0.941329224985830937
0.036385820090931921,162.419049896452662551,0.899127459334705503
0.790323604491941945,200.715185375676441026,0.778902506409490547
0.361148229954520561,43.580786541738376627,0.721685301171075211
0.780429147272228785,58.693020743938653538,0.755480809355637661
0.242279992273657235,62.317822334947862828,0.869217496364639630
0.668975044349284897,158.653717310592327294,0.855652274851546379
0.300421131915533879,153.848593930488561909,0.856074166972241812
0.325818401435237548,202.855453406440432218,0.647583789768482077
0.940990969577554792,209.086567257339567050,0.803615698148526070
0.310394187252714615,98.110841918939598827,0.575366373076363735
0.853421603012610053,88.091986744787561747,0.531897281824199708
0.774130205018547901,111.208970613331686650,0.937681409248064313
0.446744659755871021,105.925184478266061205,0.979621010519786117
0.207394477548555389,199.118799317635932766,0.918109706585909180
0.952333587641774337,181.383227920237459330,0.904120572438854908
0.142658466211286583,48.455816605840219324,0.762633702936714952
0.056011668722109581,48.014588360810940060,0.884950417917108711
0.845008969029371615,181.196162861814940470,0.577116941561350072
0.419517690431056356,110.538594459122990088,0.972329814532459036
0.463569447845845917,97.742421789802065746,0.886821592101650680
0.475527440391239287,73.703381797655978858,0.822049079589250220
0.347529641644625853,153.728292401571735581,0.641554485995096346
0.893532750759548966,130.632509368935842531,0.990745030995305309
0.599120799095920309,73.247056150633170546,0.578872205250534733
0.150569282396137705,193.584752223058501386,0.879279808252999451
0.513312902255062098,179.926955151695949553,0.782039572221986723
0.247810176044081315,115.129569134974090616,0.959350927210993021
0.374274939502131643,93.822908074165155767,0.791655839901463043
0.200142657015420777,208.214758120463443447,0.707128429773580480
0.688278613709494280,167.441313755117647588,0.609515906245207351
0.082996967273344754,168.918407443365566678,0.525169452481921040
0.974227578680859185,44.391887406205590594,0.525347272373657082
0.049998461307152436,39.257958656492355942,0.680034034164023082
0.241839071878791084,150.314445455385509831,0.824434251903606419
0.455713991081479086,130.188139836029478147,0.517619282376144629
0.547213034937987675,127.536239888519318697,0.964734239665146931
0.429214380893149561,150.406681846754935350,0.614788828090365724
0.069999746691035564,30.014290722611374207,0.659984342620069109
0.618425139908883037,149.212582071002685780,0.985867976644719368
0.592365314073482141,147.343729871949818744,0.785368564234567135
0.970683762005516315,207.074287694878307775,0.930639997280564679
0.070553837763467228,38.354976814202700552,0.926624572771873267
0.255119761739077577,176.232773793761140269,0.772788787801950816
0.623945730149821243,221.137147746814861193,0.645187599277709967
0.561390295646419957,199.956183062853938281,0.543812733469150045
0.254616087649869205,68.208847564547468778,0.911005584087881792
0.685159442517171091,39.897294637923650384,0.895566931096643093
0.347036054969830754,140.686560770479758276,0.626449425368588941
0.499993283677922062,78.126729547212590887,0.624419006485551709
0.437748933407345608,116.531237670749916902,0.877077256031495334
0.397118571641604301,101.673035049496490956,0.579215886623502318
0.322775783979745545,169.212701156602065566,0.894853770788099245
0.441578567760900542,148.908455537648677591,0.929094095491105554
0.239696126951728206,104.423864284763595833,0.778496211745163036
0.093768881102914106,33.226898548890815732,0.823288264732555342
0.681231142705327031,36.215752441595846278,0.927766786608315908
0.856551385181597236,213.858585805881091346,0.796709331920999686
0.927271098952434869,185.205935213642504777,0.592408129785852777
0.110711119435441416,45.713292892818138569,0.876215884124421751
0.599721615623290072,47.802150641716480095,0.567709040098913209
0.578176695872584911,190.459750374557131636,0.522442143009602900
0.750589353162496420,206.298503703164897161,0.563364675303806406
0.718743486335901682,192.403037119100304153,0.799165070504877173
0.184645156321181919,165.211078231340422917,0.602657468528341123
0.258836579238359676,68.874060311109872146,0.606994464270414369
0.418126028675204042,166.460337779623188226,0.731485178333919017
0.124984986995736458,46.095109765573631933,0.958948739283155271
0.920549246138515520,75.996559798280728160,0.703174861646223892
0.833952165897190567,104.702917945185077997,0.782176157627106794
0.630377048738629764,76.610669024588318621,0.889258569527313636
0.785397464455987349,144.497669680473762810,0.877426768657986189
0.638238640475728203,172.953061331141896062,0.757660066019414713
0.411005392776552514,212.144135823714890421,0.587585980090796323
0.287384160066766758,92.333040673985252056,0.833251440526349585
0.942241970996127387,171.839429073493192845,0.986605749369427132
0.372663439511590311,151.666681918723867284,0.985248586603461152
0.210281325376123929,38.502529855568973005,0.974996984181300430
0.668711055465743831,246.265960785255003884,0.808486733850166339
0.441928402059067305,193.673419179586289829,0.777997913942579999
0.133240177712588559,60.428352213617593236,0.716645370343567234
0.546835470436446869,189.067372225615656589,0.519632834508568009
0.255684001430668828,91.584242360456983079,0.523710381053636986
0.292007431288586472,198.971454915772625327,0.849337899736104851
0.324527986707536242,197.440263704777095199,0.667590841919079137
0.742312190356961166,231.194000262833412762,0.631778041245284583
0.845612979995963632,206.702077537217945746,0.757724192460137003
0.852724930629571332,188.328663595494731453,0.663163224809200869
0.894333608697298832,145.917909544437321756,0.993016587723029365
0.797815106678635311,128.162558743959323238,0.730313328883287260
0.681851536251075863,88.835087465361311843,0.655296205943038168
0.975792201741413012,176.529330733305869217,0.628501217225823194
0.355533124734759842,47.402306568314322988,0.502196625072606539
0.676728337378587286,190.310847866945834994,0.818064043293198484
0.802414070529349321,145.964705938792093320,0.597399072965860589
0.439759324561196319,92.606939440631776961,0.588582298480628041
0.744558013464905799,174.620240132205964301,0.835070396772529699
0.653935676132238131,86.960973415827211852,0.753039332861239474
0.847258359375493542,201.584867008590578052,0.773560332160008524
0.414626550552379569,242.736987776996699040,0.616419296601810940
0.630295013238598045,208.753663544353628367,0.799510269045851651
0.830910254888882704,109.816449086150740300,0.553617732317750688
0.490608098491683964,113.420752927435628976,0.846534517164084677
0.002838931820831531,90.744401845789255390,0.761481175754503026
0.136484316890095880,193.313744598692295540,0.546724688210568632
0.366988793249333090,176.878498838915874103,0.709146831601030869
0.643960388830644104,74.087316053616561362,0.996364458140981291
0.564044261420440507,200.318061427935418806,0.797638589393665387
0.553350285275828968,79.979978550535577142,0.856203181316205653
0.510664526796168361,180.095699295607971635,0.560442988154970956
0.787488766626463388,42.519428191735364919,0.881090230081340686
0.762628761295933821,214.224707355803730024,0.555085767015640053
0.191743931510622578,104.670205947582104500,0.791378598288931978
0.126248638088631737,31.645413503032404634,0.921354445384015786
0.553346937947446715,175.385892767043571894,0.889450162988383530
0.445618839922816090,183.767542826888359286,0.720710673942996261
0.537719841266484977,154.956571769557200469,0.899935595514934961
0.426812522564047336,69.107560966559375970,0.789007168317374274
0.122697148143106449,109.687780640549107147,0.835720128146588026
0.937202539939444690,187.439973983316235717,0.948357549379355236
0.866983803002646214,163.517909398844238922,0.660919395064283099
0.811978538207369871,193.229649747176978281,0.726430514095219304
0.030757211072490076,52.486528900090625882,0.554485850278033210
0.211155160784174345,144.718279895643831878,0.508582703439960260
0.098999397544198064,211.675694143688815529,0.558011728619085212
