0.536230760942593920,125.666394304468681753,0.539625948190074367
0.670159836452719149,128.466918957776812249,0.931590418370028650
0.576386722499739546,156.642076832867473968,0.830545325710028148
0.338881145238401460,133.971088783346402806,0.828758721876295734
0.529667554123424589,128.111814801324726432,0.782085524830086642
0.647925478267432076,144.956348390680687999,0.877408654340014915
0.622091473334681178,141.051433763090869888,0.880152254851838789
0.523376038066606597,119.356114545018002104,0.527149469067589083
0.397070883790477669,90.486496901674371429,0.905643490846769650
0.634729150622274640,157.535597591684620511,0.695833911257495830
0.525534151847700026,234.714357156822416073,0.608443399539533858
0.657393242094763242,125.774626057087672848,0.938746945737858662
0.386895956559704268,183.761555170345275201,0.554333524822195112
0.432544710816623712,172.244845718432969761,0.518850204300655982
0.360449418112616826,154.341857541810412613,0.674249518349197441
0.579648452611748688,109.538625542976802762,0.848238458950858698
0.400998593314865648,141.097174692118471739,0.772216099045900273
0.584232054600571482,191.503320705731965745,0.787896442547695974
0.236671377044619463,100.657084455007080237,0.637881418330422001
0.000077172842950692,52.947704443468524005,0.910160465248822437
0.661579937470426538,78.418686596641762776,0.521676668383285635
0.637059361342136476,49.012863875605752639,0.680666166182593901
0.511891993667354495,133.133762799446770941,0.893861956638722033
0.401244110383128127,196.814610126097477405,0.516214530929818283
0.427589052153283355,169.642806760720958437,0.840825455273371825
0.827907131732338097,138.374304959473306553,0.943287741463655349
0.357617592585524224,107.969775638807362839,0.787904810229316244
0.586982817706451887,113.082316561717561854,0.679255343152070479
0.399969234762660442,94.230438042703596579,0.962588835137840992
0.742242806631486118,121.979566352785113281,0.934903516765156706
0.447469814230946783,137.379854077019587066,0.632206479825484724
0.655272577230138209,172.259922782845592337,0.531758740989544343
0.666974841578852118,119.949174089957992351,0.867296899834194557
0.413591586797584176,162.006574495549386938,0.742031505230865696
0.710842899498348779,120.544285979387282737,0.727400158188755253
0.486399968904936308,183.671091194852579065,0.677549591391512829
0.003954323345806868,20.693841876892978604,0.680630529495363512
0.672081219273166441,158.560341907448162146,0.612606220732870632
0.401773837493196284,163.326569374662284417,0.572249448726386056
0.452823828604656586,67.382358994044977862,0.684412507894199718
0.787136532520322563,159.482968628230707964,0.958270147577502729
0.308958102634443899,113.588597749072349075,0.922576170233336823
0.600426727912627523,100.479177138442935302,0.924685042374362109
0.599136446296973602,167.668305541361945643,0.663671907811413497
0.615313590350029638,179.485815277469129114,0.872845145342373785
0.563170352085543113,177.976304632482651868,0.619228470874056303
0.351369253769656165,122.288098608534056666,0.972369713747189945
0.823334557868386829,132.199424869002683636,0.936077053622489941
0.849870664066694870,85.237492225212861285,0.714024199206371613
0.272470711598201965,93.084465298327216942,0.880775026092931901
0.116816276099244623,75.345935745852159471,0.907309463125389737
0.554950220021847573,115.907599723093966304,0.528704078242445585
0.858395872242227909,129.718698164989575616,0.932508497972767247
0.715613482397472023,131.883410259015960264,0.950324043010516428
0.823641577649896095,129.281182419205919132,0.900297289913304710
0.384010980217127984,130.406254204369474792,0.937401758876488245
0.604537533558087925,108.355643525531277760,0.937390886201847851
0.864492862071499779,59.269168671855780417,0.912836322358431707
0.510366120325963069,189.404436469132292586,0.538605119013666700
0.573862751303469198,72.052949784845722547,0.596663703099017950
0.372110887679762414,99.188502256610945551,0.571889818292039886
0.554084976087701575,79.313836981382749514,0.688684539475440838
0.804846790933439138,153.771805512175063768,0.964318128651771023
0.533769907683586120,188.852542255297805696,0.905479434377215231
0.819574036938095607,59.543487559075742865,0.733254171943824917
0.333298402490532497,168.431361730204400828,0.664557200365784806
0.594737435580147022,146.257943529980451558,0.947379042625022816
0.652758815065225040,172.045525158739224025,0.926845533903838725
0.539724967437883785,147.381411644525599058,0.885991777066481356
0.328103060772070410,157.475644164531615843,0.804586292430506944
0.448671117559512833,103.974432727046675495,0.540098023128271931
0.538817825508061676,162.493200147680965983,0.549557369559990461
0.068856769821217023,167.676069954469198819,0.959540945538758461
0.484221568306594852,40.899914942807342300,0.720013585129753775
0.884527729344024238,125.882081330386171203,0.937269103812165216
0.711404344854788651,84.111952180074737839,0.549500252446881055
0.427435420388009468,164.330386229876211246,0.645271925869100316
0.707567616931784493,173.039130898312492945,0.883257751191282026
0.521536472218324665,201.138887402623140588,0.820546765139509970
0.642731944027797431,55.540536936318368078,0.580418921375911889
0.584705712335201411,172.067035479257441466,0.652346059210966334
0.585740577762391745,148.118023108114414299,0.555897018112664898
0.643664237126641225,128.274249760283680644,0.583498853720719968
0.722043961863562012,85.138388589447956178,0.943129673688557491
0.209467176982210873,85.727149246010597494,0.950769281116836895
0.636769993218695873,124.421683970607361402,0.715125865491506252
0.070702124144797082,43.089776265370957731,0.584101388264122390
0.452365337433939418,114.627589499391035588,0.620326065887241374
0.476088345383706812,20.377398524561698423,0.596130583335127029
0.682610611172061121,144.457638737008238650,0.897928804831415128
0.337111161549093985,158.528000277599659285,0.572586959538479490
0.619204349832475520,86.415268289138580826,0.547372639129235061
0.413482874243887244,184.257802506697174749,0.685429408823948649
0.450501878746642437,126.513589243995937750,0.546870403523238235
0.788971376886746456,59.669261242022145098,0.603950654723313218
0.682401527306842670,170.060404160008090457,0.840756661269503214
0.506477080059062779,130.391105286395827534,0.543907904830335132
0.354516605647832106,96.002621021836105797,0.861116477613517173
0.508226990807309043,113.039394700801722138,0.578687975423565648
0.572685851679634594,117.117827244252083574,0.916130211471288480
0.000647727246121444,110.204653011326101364,0.904374522633910161
0.291278634224128141,152.034916297028445342,0.534319149023338547
0.172751701076114539,169.992364323331344167,0.669285701052563797
0.725317312150029925,127.709212993454883645,0.953623667033636657
0.252291353319608891,176.591069766399243690,0.672720223778296655
0.637795297193998523,161.999371955022780867,0.580804550384985907
0.429351166624123981,168.607080669243060811,0.606800518693728641
0.715923094591339404,105.082798756628733372,0.955460138304619844
0.419736973994550955,156.382442748332863403,0.664940389512210017
0.780543205245745830,135.026957984256739564,0.846515360278150331
0.632724984533099111,138.219274887558981391,0.568810547804195821
0.769141612023036436,87.040013537280842115,0.818141559188768075
0.680101740130616417,36.444385453605569580,0.726072792852547555
0.413868190630939048,68.465480512214440978,0.751484953213517048
0.443930697903774707,93.643782294921464882,0.871475722640101202
0.415206877570107213,57.165560251440517447,0.654041495942136897
0.492042374301623009,86.451918867079243114,0.958795549918970202
0.261080449632331957,84.490446295292585432,0.564686761324321385
0.485596530515375768,187.279404240029833772,0.532613391027328298
0.155438316168949514,162.948559143441201513,0.944073347840545418
0.423921690318574795,151.319835501902531405,0.525690406978517433
0.536412904634018362,111.753941964268335596,0.792467635557841721
0.835033787351267986,98.408789429065521404,0.771328267266192968
0.585773208460174444,21.547825289474236143,0.595986249716892069
0.560142200347161889,131.398791728986083172,0.971309376493760257
0.688849911596890463,51.150649122601166141,0.537481032193358188
0.352852934297977039,115.968003477130650936,0.953255000644090744
0.434741551616711852,182.437435943526054416,0.558701205756746977
0.319782999755962527,154.854198665769956733,0.583032708754204321
0.817878985975852291,93.794749627182184781,0.876330151218357223
0.576533625686894924,133.022146484299611302,0.878126293868592311
0.446577845570887200,166.536119950835967529,0.539718924255692456
0.605809273793803227,63.534286863201650419,0.824024377094310978
0.539034495773014877,171.301338851645596151,0.547722589896687984
0.226135644275692327,93.081121378342359662,0.714768117670930403
0.732103704165894542,162.598701596207831699,0.956798567192429505
0.536259279462449334,82.567482216909496628,0.798081637427216828
0.344880241860691328,172.611927041124687321,0.529311881484509361
0.751110880710855744,127.746447204791252261,0.977288352468894006
0.512506421979963878,160.372356403946753289,0.818067595087119237
0.685663072938121232,73.585719266471770084,0.689688063040081900
0.505539516620823193,195.698087374596696009,0.624636530993654127
0.662644256978484059,186.820483463642034394,0.910527815045154121
0.568224169981938920,110.061360059339335749,0.559093194282312966
0.442133784425209730,142.501658860674638163,0.518034573263267295
0.775796901686835016,161.568952102519546088,0.836328176473317253
0.448328117815275318,185.669806963591923932,0.799005262658973869
0.496482351685862189,152.493756154502563049,0.736948391194586439
0.345736471411426438,162.622955493128984017,0.814571089154617733
0.502729461587243076,168.851416602632667718,0.947711179724347597
0.754477678054831347,134.699142501299945707,0.852004716005575924
0.358127831707949540,17.241616739064269836,0.551892905031814429
0.517426037865123978,95.503786761671321415,0.717609938554225946
0.814081946464882633,114.386927440525738575,0.939148032354121365
0.457820904370052462,115.422936703443653528,0.533233149346472146
0.455480650095671458,162.033444509784487764,0.611970084165944894
0.449928223307891229,48.429609543156779239,0.537801932955357609
0.343929465511888854,38.143306510698096190,0.916216403998526552
0.366512543970217264,100.142051199217448243,0.967019845552113733
0.379910465285420995,176.275314119963184112,0.924508684778031498
0.271320750921549170,29.830479191297865071,0.735834439526539930
0.373410528462882474,178.157960051518216460,0.585241490052261670
0.414752629848273990,134.021988619550910471,0.940081278517091001
0.730646191779406151,140.263147404322239709,0.917967272422815173
0.498362610755555213,126.916106093667323762,0.958135989099682228
0.466002310268938236,180.927257527526876402,0.525254632998458315
0.714220948634681441,49.290294709623552194,0.777544418805738546
0.391763064384017146,54.719928938893538373,0.922913121917156465
0.015315681163287661,116.019191214276560231,0.887610340124434849
0.438726851561884401,197.441985042143670626,0.814387617934435482
0.549941511977086850,96.633772366042776980,0.914082427855543278
0.512302382752459318,153.234351408515806270,0.535045101208503904
0.582170668162596106,130.109623391297020589,0.634083163940803884
0.436570878071789847,46.041756601869586518,0.679970796016460044
0.504810238572751646,193.020342065628170758,0.562458341730691425
0.677284737024109962,103.614348959434479980,0.966304008408448878
0.537924945650564368,55.430765203879069247,0.891271694858856822
0.501145323477367954,117.896148887930721116,0.775360306458086290
0.442243307828355914,198.727693139411542234,0.614658839893515330
0.801864689302300593,133.610871302429103480,0.721358598235398052
0.419556181025398378,141.631439659501694450,0.536275421651806194
0.497432035287178387,149.072624451720230354,0.737934258329205894
0.558552272744287204,42.140958525109148525,0.714078175831217576
0.827121486640429726,107.138882344486248144,0.947266127902279487
0.314321510584908204,51.670324782593802126,0.880553017800774329
0.662613421596632945,121.132830835519186508,0.534009318724674831
0.637834850260223907,51.460569320248417569,0.546140134757295170
0.599235320840372343,169.178307048762633258,0.535226675316506251
0.765740575500291398,146.182032204536426434,0.963833941789954296
0.569633112365657834,41.355188812057811276,0.522462048739126383
0.441151277257305352,160.919283629169797223,0.702228235644570820
0.380253273609447273,126.170797633193444653,0.524188276182928070
0.186765153019363195,109.406965126765157947,0.709543862219029098
0.363125835128321750,161.063419560941753161,0.564513107549848514
0.571717524998302862,55.619047164294642016,0.713689983610754308
0.581907679461714511,170.068190702622359822,0.852668854098786566
0.026172384093378260,34.452222854657939877,0.886501412057405069
0.400822200962947905,153.794720472807682654,0.759972672038960351
0.428508753950496257,182.242391128275102119,0.534385349267814336
0.543742029551007033,90.989976094787721195,0.875958945087505603
0.603906267165881583,137.928370780532929984,0.960158365135614034
0.819360358996583327,102.578188887460058254,0.960905119293083976
0.836976277736035890,100.344188493265875195,0.564119688542911946
0.564999988542882470,94.798700063003863647,0.968180613601647644
0.589550855936938567,160.180417649762262045,0.877253082731292322
0.796638887548844266,132.994081855213323706,0.957764426756195109
0.467166432022080358,117.747745625034752948,0.572146753853125634
0.518924188790191199,100.034644876036352912,0.586139866381195640
0.481304399544995931,136.714263615589743495,0.879282780151752652
0.378361104565929141,47.354033905414254946,0.888769661121375787
0.321017371949140984,48.893643600558796436,0.774350505917015708
0.868160442092872686,123.445699200477463364,0.978416406226371160
0.582249856920961095,159.764473730662672324,0.792068951097498086
0.472671998204808264,115.056389324639809502,0.884941188957204972
0.758343638313864199,147.916005302123920728,0.632922791747298041
0.624769036938572109,126.046483652238393347,0.939402487568586242
0.509597251201784562,123.618646176327288799,0.924872475532357852
0.371324578491307400,171.597131907546696539,0.846394995066539146
0.406304479624464476,173.806325817029403424,0.520547052104178065
0.560612778617170515,187.596739551531754842,0.822839943219131564
0.591701926013174395,196.259280325180327509,0.772088468953739948
0.646696948403240768,136.232411345514435652,0.846875516710960952
0.455815980550811128,146.823347132227581824,0.539466826827220247
0.402268387429464580,43.122427117366441962,0.892127583515455957
0.706672116741355660,106.080964999192815412,0.759352590517582859
0.800957661687737299,107.759292595884090815,0.960389342223684328
0.505469606582016784,155.171393070914973578,0.931832490033679406
0.492371758194206810,147.288474646944280266,0.804720484505310085
0.335397919796369959,129.395230243492648015,0.843970759793787773
0.837301134038834327,128.260055309461876050,0.932103657151355902
0.650406011335157519,69.779841630393576679,0.914210086438875580
0.783660564545287319,126.424263691456658876,0.959133835823538616
0.687138106588655373,166.924508649568053897,0.879141080649758377
0.436144201604344750,182.303392807765391126,0.753499086706408638
0.547991692875487657,199.799836167340004067,0.756848269907828053
0.603624825935801912,103.795770488080748351,0.616827369856520424
0.669054669187758688,139.083102167429217388,0.967997392115865996
0.000355934587855359,41.843382785633622234,0.666213311056128021
0.272970310056742993,112.702237908700638513,0.968899771070692140
0.553522661774568769,37.417211053545145205,0.568893438512280913
0.627716815173671505,56.813013894470969944,0.818029080304254030
0.512614516691250355,151.786831139574161398,0.877030617624538156
0.645945695942659159,126.687648894392040688,0.952147531525318724
0.374179152174144547,140.580894728790866566,0.867469694508595124
0.042031487251240271,177.379184962985931406,0.802212331955137969
0.636664897844399724,189.838401039095089118,0.953571327366072197
0.673855821053209070,108.704572987267951589,0.864927295536452645
0.318848914334436906,156.427329132636145914,0.895737587948149283
0.554391900495474044,75.877292445428878409,0.920092414024027860
0.458143895172911708,194.969106057194068171,0.585529238575867361
0.625754067429083238,118.628744569598225667,0.899673783361507828
0.672826318157925818,165.122967899348395804,0.742440710059265152
0.119632135632344219,65.975053601594723318,0.814591183884463610
0.772786698120703219,79.444414983361994587,0.954917773242551449
0.455402522568784052,33.406785525725901209,0.524949520794942392
0.648069075167808983,144.640515766263234809,0.896104224189520071
0.185695166190157773,63.198887659022609853,0.942358674529544360
0.316777702132958083,105.928639596050913951,0.591704722739212374
0.524733278232247691,158.288236758077090371,0.686325460257108610
0.641221270131909438,165.294362253756474956,0.824657656058406352
0.457838410439686705,159.455648051752831407,0.761988516657014836
0.443446938353649511,142.473207658585266699,0.909670057750724625
0.406383038197534741,96.081774721445256660,0.881872899945802979
0.627767523956275109,177.986704505282006039,0.559440955219807634
0.532661874326349594,186.044797560595213781,0.534583535553530109
0.627398129853022124,106.284039092637428325,0.630529720526031956
0.591667542433677141,196.314895356245074254,0.847165692661009828
0.130679878668332916,123.117382112624682122,0.849248807129156180
0.346615323246792950,145.540313135254336885,0.895902264519802483
0.376830117289559230,109.182281041368881347,0.778153760243169401
0.491961015828427828,67.438533764996947184,0.738578131247439762
0.776056873781945655,114.548127016233749487,0.874452351343093182
0.472490404161950595,121.115030182339793896,0.911612461982668321
0.540181216566217870,103.442381312372759794,0.551666507672495254
0.120993645052155777,98.674141525252522911,0.905010314520063419
0.883976388939838209,83.192178816956214860,0.816922135965088780
0.493617783120494036,62.932027642430746539,0.538387703302920295
0.421594295222199988,179.694904605028824562,0.520153545495455005
0.566976525589010238,109.864284388952398785,0.918945199169081350
0.715066785171867281,126.803049786557949119,0.917319912780553359
0.518321644493924816,128.065362380904673500,0.951479739713937844
0.638070746050031667,143.976251751876276330,0.896674142094534776
0.493423733710880108,183.760020104730187995,0.545860503581354850
0.458465431232602916,146.726110312986151030,0.884181261471406854
0.647065953740407984,159.290553653927986488,0.666155282523421155
0.596741960585919107,36.108179529243670913,0.575466521950493970
0.542169590446056282,101.466508996514349406,0.547272924518754755
0.496794565565877422,166.609097858283888627,0.531281404304008831
0.457018195352223211,166.945611890046109238,0.592141563275080718
0.747233805030711240,134.329810426089238717,0.933259868678787186
0.559833183455565542,186.280524604493393781,0.535692910185729287
0.674523118707287872,59.738961275254723660,0.694254418964199593
0.493564676632133714,185.587538570402728055,0.704515902333780919
0.532110807591843038,179.815200162242717852,0.548777558647363106
0.791492732630704521,91.338156920608170708,0.862479592112864735
0.695962410311886548,115.472588031681965504,0.972455497851346329
0.400489935219435489,156.158525864354260193,0.895919193622978338
0.365853570319952914,101.535403824888831537,0.917561196932407785
0.557507934706472530,145.732949644078047413,0.519395060239715489
0.528974476403892502,184.016858111290218858,0.527701131955483738
0.752680704974219905,150.712473242387801520,0.928788898499162796
0.523021629982969305,166.388440060259341635,0.566475726572860716
0.784421679525398763,123.686217237962679860,0.971383428529915882
0.552109446830061024,146.890376873045312323,0.521697523619952142
0.632341790127551984,161.046380736211915519,0.727859160612591261
0.407962097047129713,115.062290049358836086,0.522492865221934388
0.486889974762537592,105.937285717191855383,0.631842093114297843
0.429048009119189111,131.572343571666351636,0.540545417415171814
0.503000330085248581,210.583405647457254872,0.524684234051424836
0.054268846600625066,43.144616182172740082,0.566887782929340389
0.282329347209366255,182.128058530015778160,0.727413760216188643
0.412799235728446900,184.347894600106826601,0.536881996048497956
0.472072155406349281,96.281538491228559451,0.521099621981403138
0.473377372829164589,64.349770698631715504,0.755037941240550348
0.559992839436300183,129.471044111333100091,0.934657896682884792
0.441595921840152006,164.719199113409445090,0.702272682604006659
0.727953717448655446,113.790860847364797337,0.951236209339248906
0.360455325677613292,121.324750482665365325,0.785342455984364030
0.404282202022452797,198.549369539088644387,0.709956281631277442
0.604713244298921038,149.773899729375528977,0.832037917244275560
0.471118316090872846,162.103239076195478674,0.647769042622936109
0.658199363431345219,113.668651742679458039,0.880722518152942779
0.461215544332085947,133.477480686206718019,0.911937434490105781
0.556704242275812389,166.557220580940537502,0.714609195284806598
0.495369841560356849,119.084264816334822967,0.521809644902015646
0.745219567080978251,166.390584926866949900,0.827911828928059035
0.325794479185505026,103.192476839485792084,0.779208064054221716
0.417778427631276983,122.570947068017275683,0.885897003725559351
0.584445203539663338,103.236266781594224540,0.686037044153519515
0.551801960175787309,49.315341779405095224,0.548972642691050727
0.412642299168948123,112.521057219625134849,0.520448139521674347
0.456836502907996433,209.587581454623574473,0.556184699546082628
0.568399856732337838,174.505196960814714657,0.575666572141803168
0.593805833688199391,74.876606072654297463,0.831559738703911311
0.538630193047984984,95.691818295738229949,0.976632537044990978
0.663708619567719538,65.322421495038838657,0.874047168902094218
0.488256388695768928,159.113875689929955115,0.523514480121040404
0.541609433635448889,180.261232482957012735,0.555081891993530085
0.546785645621931993,173.400738021814333933,0.586843218431319036
0.338515023307302321,117.253168330915087836,0.836558748862700430
0.723395135883652229,106.691320572699822833,0.961246307328402327
0.648190476317093145,169.624078195283743753,0.929574496591185517
0.457097760599350311,184.056896990475365783,0.738181119578842582
0.441258309221486622,130.821152766859739813,0.924654679727986650
0.563649841724117251,119.478127513418144190,0.916950911059456586
0.554290029033371989,111.106285472475150300,0.526834346038286383
0.634248646140649464,155.309901586079632807,0.881774897803930591
0.775311969397694534,148.750449476345863786,0.820810074445649018
0.532082219083041208,18.979953893521859243,0.550797737632923390
0.577305276118295962,76.928738061766338774,0.539444462197764651
0.650999760082539680,164.160710282112063396,0.671709659672070414
0.538600757016566178,173.342652020752723274,0.559239782103651106
0.389494340547062501,156.436749263159583734,0.535016851085949874
0.597489431038455865,111.976242172215094683,0.773110188242327911
0.474143795347495400,178.115032354028471673,0.641653095698723641
0.536850273244128373,109.569310198369819886,0.935902980987872724
0.539081467789245483,110.319796182855469624,0.598431297876759194
0.669331258801108553,103.795623547611242543,0.952577500006159594
0.456861676830437546,178.036218871358414617,0.590563089280517595
0.597582453457719764,172.728283415144915125,0.837074201352415281
0.762182847433181654,115.745779907194105363,0.635426816297282815
0.583794324462453940,152.847794863866880632,0.780097344526267555
0.516498584893411938,85.607966270727260394,0.847576893971465295
0.666107881254325962,113.884790708508603529,0.919494378079315666
0.520551901297100716,184.668541485854859729,0.522475207069740155
0.808364940762181572,127.330166216021098080,0.844233100070095333
0.572530018766050919,101.217573669973887718,0.757230056416110520
0.421724479795069218,120.909489435031915150,0.970923214808387947
0.822761488334805446,48.099286940334721407,0.594835990559434480
0.494551092660063751,174.162853141975404014,0.517634735599982188
0.537128227009398329,158.312945417714786345,0.526698949581915987
0.440466388008399545,195.098612889259243275,0.539259536118874339
0.528444864977515194,126.068406874110095828,0.524322867362350564
0.434013059914461208,184.330806068118562280,0.685112793051152358
0.171363181073495935,153.477875335486970698,0.622560068734989369
0.418734380989249644,32.438915768531543904,0.538715154744705882
0.001872325283978911,79.729072797010402951,0.945515524169566968
0.730230882755865784,132.419665129055175612,0.773421177608675237
0.483615541192371656,177.286780566585548513,0.790330229602905887
0.019713249374829270,36.212506146247712024,0.937149566794066247
0.565832835589138772,137.538089821116500389,0.684291868838702411
0.560107966141313640,141.336505757019011753,0.559998710451752091
0.622984710126878727,153.103129758861825849,0.691122640443312397
0.743116061564090158,159.080562932548616573,0.837173521875447690
0.362513934204729882,91.245904472594318690,0.577767247111112714
0.010313582704245221,100.821835589973133551,0.975718318151764241
0.704055945172726183,134.336039963289664456,0.949602992003892643
0.631040087283273876,124.983489165350675876,0.946785558491763823
0.380877191343136190,119.763446204271076567,0.921468130888513315
0.568358546616244187,156.754124505665174638,0.750270985619340136
0.491931739909484855,182.760716182466183000,0.707491941552889414
0.347868725541522705,192.982203449782701909,0.586604363419054975
0.499976822357201089,110.313333666260831478,0.965193994867091676
0.877539318872485485,88.401249843563519448,0.801845025924175836
0.331190958476282882,186.718029939348014068,0.584282159884783492
0.511926017133751188,197.744448617642490262,0.741422092478953521
0.532378077696656016,175.940222571777212579,0.835456602631974188
0.499521139393513169,210.152191681546867130,0.723579008835920967
0.390434401977972800,88.263260725609796964,0.766562551977779338
0.498554040314100999,110.364228258180048670,0.946394950434526150
0.577087146387475602,135.404849138815563947,0.519525322589666216
0.557633218806283804,131.371493790642659860,0.532026475067639448
0.586552309176586850,167.846607381989485930,0.685428069985839272
0.701481357239995162,43.682347323226807134,0.655410538995014336
0.228598961546184171,180.451022059150460564,0.658750265173626670
0.607048755785391192,74.812722359758282664,0.688273152410166178
0.609260679379129977,124.104785493362413717,0.870839473323236302
0.049489492787785798,82.662393453882046401,0.884001165477663386
0.481386362238654386,168.359249697143866342,0.794242538708218260
0.578639580528523600,113.886134142927261337,0.660031294030921201
0.549438280896937470,103.156973232453680112,0.784009386201503400
0.360155410060592818,57.093779077763180396,0.838251986604330757
0.129830911404361621,159.481904266137831883,0.978266266771807835
0.456876165420528002,116.781634798259588592,0.911678408888836112
0.792055655318123830,93.772081161810788785,0.643239230578532828
0.689304067349466809,165.785010773191544331,0.856584307532930356
0.675996636360839398,141.505039917006428141,0.951852346390346549
0.047527530454255909,180.388890608324771847,0.735385461232479165
0.692018320165987411,134.612058156155825372,0.894448474259278647
0.312192852303638968,180.963586641477121475,0.703641639094753302
0.492890749220010138,93.796641767265256817,0.932373169261758061
0.589737937561194414,187.056015452388493259,0.842442819546919131
0.441511190183078217,228.716941006289857796,0.640724625874704579
0.648642697603817542,148.771741227692217535,0.816110085448417788
0.420240817366817843,115.191574839368783501,0.967368780333895728
0.276856230544274551,91.272697422824535352,0.741744150968945193
0.543590653179261141,217.533616322246786012,0.579789090825712838
0.756384661031181293,56.431434234102972880,0.885422324118925630
0.439794230151022703,179.754917994589845875,0.884107281454068472
0.428513735630205894,120.494609965992864886,0.681272308078888944
0.339611860036129032,169.503871198895865291,0.524379427024241451
0.494477154646420669,182.039298322958899234,0.745306074486192349
0.696729244475231768,114.101610413312954506,0.951554130080461635
0.687851312316048569,134.319571616889561483,0.710303197478993842
0.017540455685964882,33.861793161665715957,0.896458010051995879
0.369269941742072061,191.304808593357506652,0.566388452946175347
0.463608989732511800,136.757617553784086795,0.917518701401585313
0.812058171349897107,114.928531150100965874,0.864658291982645100
0.502186771927994657,148.986085566519932399,0.692263811612212732
0.429595228588167510,155.924260572033944072,0.594955404633684459
0.579458061049060280,153.295239623751854197,0.581195597702346411
0.444612552457015142,118.663285184953082307,0.960083580480388665
0.206727366499717347,92.297779560718367975,0.971502446403648579
0.405921816862451601,184.546097926445952453,0.547135131799548979
0.281258513509112795,174.408829350052059226,0.532731685802209309
0.624385700691111323,202.228289327303627942,0.578877105959399230
0.391091779147999752,70.711434759485740642,0.533197832351575363
0.411488875903834206,123.712990248784137748,0.870973402578297140
0.764982295687061109,142.124880975956330076,0.879951736611122470
0.574304741683195785,145.291261160785978745,0.528385515747164858
0.935827378720404002,61.650036874429034128,0.737321215614189507
0.740160029563943223,79.495895637139270207,0.714370494185055271
0.458068091740071959,182.257972308479281764,0.642911573144449910
0.595730836611491510,68.796131250323739437,0.913837804403998755
0.704127367089389500,162.385306903926874611,0.939576692635726518
0.157408872518443460,165.214794607963625594,0.843532656482117171
0.622262969640135943,125.087142832635876744,0.779920007654479441
0.457248443217833256,172.266440475675295829,0.864600656609818996
0.558732545950900272,183.997137011644383620,0.550129364386529152
0.661605706714401776,118.468991592970624538,0.950898798459082761
0.022534638312057754,102.909021299469856103,0.749966534324900902
0.526849827716197705,149.730773205292194916,0.922933542980611699
0.482904797919754880,195.422474489944647758,0.569355255707984176
0.536260769111122082,57.558606570885352482,0.536754110612028379
0.795058136294123030,125.765450273745884147,0.560389675665114328
0.686630336893068627,92.228356583086537057,0.743551997479036109
0.216270133894596095,12.060842539462480971,0.549743801239276020
0.319883905049219597,162.934616039728354053,0.677298870727538804
0.574064018199475279,86.755167239330788220,0.958304410530504636
0.721577070369575635,99.515103363387652280,0.850603124008389999
0.572164531933975651,163.050380054486794279,0.533656470335912458
0.667241079356413413,98.257709345576273563,0.890349210813570657
0.650274158166866734,165.762869907782345535,0.790791461852459188
0.694613801286144361,38.198433541551686687,0.597714169632366343
0.560147868763413381,188.031268669288351703,0.761944371624852623
0.590590471428463437,97.447572101148736579,0.612017001897803725
0.523209055536181578,183.635512029570918457,0.764041421293883527
0.568406107772370994,130.509853987478408044,0.750242942711690119
0.718581231735512138,75.921966949558395754,0.575024773477677553
0.483554854544408219,180.683060526887260266,0.587938225319724617
0.760750051858978815,129.027884924301474712,0.923857737817681546
0.803260768189168139,97.186298765364270480,0.905182460558659585
0.793580244727370432,73.287348036887934200,0.681942855513771096
0.571427184344271089,119.144193511317070033,0.806010606680348518
0.503903064553474000,145.526667733481644973,0.681471338844242269
0.846516721141017503,47.096702816713460038,0.583310427899070394
0.375438072352864916,202.241389976065590872,0.733173744264886906
0.488906030485112497,214.328369110159002275,0.556269900466289879
0.489471377281323450,143.272012650307942749,0.625280193929283357
0.670233768797764085,29.420502277618290066,0.541291933449575935
0.304650015310417910,40.060633798324985833,0.871356121910385917
0.634068086042401391,96.225566531888702571,0.729397322252242963
0.622928417516841471,100.891948307532032914,0.850596199293115474
0.670144091703413824,161.633668759947852323,0.958525531970473188
0.334585881402310603,75.733340943981360738,0.902936770721509130
0.475067066853956943,161.101433421568970061,0.539974068614606395
0.226738077965551815,144.666594129066254482,0.927228531228277641
0.459960975283469853,141.825614167528101461,0.617598565525393273
0.502685267167510053,205.147667539127411374,0.544620786624545494
0.545682979005601809,172.645123061362937733,0.624569792182570027
0.555570290274802536,124.999708140606841766,0.521732440735753089
0.627404144755281168,167.774780738969923277,0.817850732216014675
0.020279280521261878,11.506727964679871690,0.709790251806192263
0.447635433206736988,128.373721494379481101,0.845247585479138808
0.454160717819116544,195.649739111542061210,0.634343402539186196
0.811550412977482760,113.273944348149385064,0.962553925436154256
0.708186465025684053,138.931402272842007051,0.969728978418859633
0.317832333226685970,110.221908336179609478,0.815177510184580401
0.608795316303705536,128.305597539607362023,0.903951809952414087
0.000475834140042785,44.974217816197061381,0.930358744137939842
0.274296142816657151,33.944633745260112789,0.881550491283764615
0.865011864240320838,59.581444204052580460,0.836132683543013178
0.529434913980682209,69.692762324567638643,0.957361740455879739
0.693289038848707406,180.540831070938168068,0.888137050583402421
0.580877118916333979,176.021360324304112055,0.588131637488767622
0.442354610976763707,171.345075301019761582,0.627947138834680230
0.414398681264596946,155.197162928990422870,0.644642393790730961
0.641151168049941100,195.009630134885526331,0.860001208509333037
0.536038865115270768,37.907955662198176583,0.639027955490207078
0.490387277228008067,207.224867623353929957,0.538669218427836882
0.518233859875603553,160.570103953425331156,0.555280275238491661
0.534727427882568440,193.367893637679543417,0.521726454460009648
0.472520819698747097,117.179209046192710275,0.769143286438959906
0.589821622362733167,78.759370240407150732,0.729720243156762316
0.475199927788102661,170.826133736480386460,0.895771070465338992
0.603507678140229431,179.047175525511960359,0.842429878827041234
0.420206987520970299,82.738255620214886221,0.967906281158694926
0.439345529145808766,120.815706634458649660,0.875723950007694540
0.575007391984457494,207.003126613025841607,0.942805842535229810
0.803079158518160474,107.909194567165329204,0.956149069167411492
0.672071563444074371,172.047067863780739572,0.750792688861452229
0.513993675786178383,138.169117205841899931,0.900186224087515585
0.517420282827495859,129.381706976765514128,0.798164606246364317
0.421947858425757050,80.244328171063685318,0.904705834427431910
0.665388173594404053,164.392853447413102685,0.918926901855581124
0.452365337433939418,114.627589499391035588,0.620326065887241374
0.459470820146831438,184.456305282972408577,0.741601557810909529
0.555634631133511858,86.442096348848451726,0.967872503094639347
0.455386394562004249,167.353197321515040130,0.707598299348179083
0.210277317992091956,75.258724417885687785,0.698479159983034004
0.655910042623962908,61.373105218281722273,0.604354509784723382
0.622261838418668001,182.499053508406433366,0.734353887399079475
0.414331176722194217,111.190608201025867174,0.865848590920050620
0.568582267208060599,158.640262041479786603,0.745281987983062777
0.402839508723350337,110.685609003617202006,0.735687497551134717
0.005525132314335063,155.124125157023001975,0.797843722907511044
0.597955661644578251,128.679023519935128661,0.884630973546680077
0.345612598294785467,143.330793998561318858,0.612947695523919922
0.550709373368929778,125.114103689850182377,0.907142261014000084
0.514904146347261449,194.855754805849841205,0.725863453681636628
0.168217804274290533,169.290076390086341007,0.737993442686001755
0.469595404939323502,78.993191076209328116,0.603884215697057081
0.652846952372138523,137.896037793563891682,0.875018443562209258
0.435261772113122059,80.477527674714963268,0.950783364197638647
0.538799481882325293,143.044636851573386593,0.535276454755028497
0.472790298008846199,95.706616503392083928,0.648977708622834437
0.405934198602812657,197.862694784793688996,0.660480894604431157
0.379157982466364119,167.116314120602709181,0.564868779525328324
0.644804193924168878,99.012360704316719762,0.973129279378544987
0.728454203762751828,96.079595982427761669,0.921140669680840629
0.012530151615446778,26.159520276773687186,0.724821888290776650
0.472055505354044391,190.841957895849816396,0.550652166527546671
0.574097513586470543,128.901865534845939010,0.559547439346768316
0.487316865521180420,152.398067626514318817,0.805758946748560412
0.476546669440114035,166.252807965331925288,0.756456663580484356
0.676842045300241724,121.251057773131151407,0.598750874432494529
0.483639502467231086,145.861694911781739847,0.563835470235810488
0.519302595238409381,91.101067524670384046,0.751814746780644638
0.482127664288913294,179.805545309078524951,0.527774752151532911
0.606683545495828147,84.588926538445505798,0.976233828305732798
0.835848975715696940,132.239518500666065393,0.965144214150067681
0.659404544479935795,83.956202194590701993,0.652171871494479860
0.522057823130469112,201.131227505949027545,0.563120363896198128
0.600485212172762628,157.980871674187653753,0.903328046347626756
0.608299746186532819,117.228450009668478060,0.934820932559592643
0.621244373709072373,144.495884894970799905,0.930678064868531107
0.497368022404223453,165.488779169578435813,0.798210280714438003
0.585383036288223302,160.901169853389831133,0.804701910080220184
0.759710891396619403,137.928208302455885814,0.652564084857315763
0.729606732004825287,104.663531023934638142,0.784087256583001824
0.791158211937002309,112.815410746064017644,0.952414218668227619
0.538076784252295215,125.818084960671356498,0.754309149642024224
0.418096412478273949,198.178178614829676008,0.525456096456429100
0.372030055273694926,175.054300275563662126,0.546198199908824900
0.540400878198700862,137.582251013083265434,0.618849113956588259
0.686377858577729372,164.401800354585134301,0.836820476515099165
0.016484287841318026,88.591834414711854606,0.901634172127559586
0.485618115944260909,164.210706371824386451,0.562926765516432281
0.669775434328857666,117.454788912553055980,0.968398316259098557
0.712435211162455007,89.439652883041333098,0.922664157507322447
0.882109522578157335,131.256059074998688629,0.981531798419326917
0.747198369705140197,135.484369578907433151,0.970108465048145741
0.531289787090991283,162.218025064184331541,0.773842137502294913
0.576441533972127496,150.477266420429202753,0.799310874256519810
0.504381895155707305,149.488518530695358777,0.860510271463050813
0.645193562774455609,96.872615664516956713,0.866358417847167495
0.593765827436191551,148.871680161403332932,0.580830408444259594
0.519910425611332383,120.537075107562031917,0.523542129225412101
0.775108432021500038,107.946793984833803393,0.920601264169065958
0.198115580338437847,90.527018936240835956,0.928251053427929129
0.334578833087362304,160.909453552542174748,0.841344247350267582
0.691691321332752795,149.191444527852979718,0.959622595322176530
0.400619299822924269,234.805143235679452118,0.575505285502599606
0.823825129601485795,137.492077639979953574,0.968708423901388782
0.802458305387973247,139.883266038370123852,0.930201504602029772
0.470885575898346842,98.914481283635907971,0.521494262141206089
0.484339630386848963,150.511647317548721503,0.761349585422757547
0.516713171252964343,158.260765539551840675,0.776926681017673593
0.363117136607823909,150.407463648911431164,0.556749736782151561
0.530109264142472503,127.380270391131006136,0.602232413970370417
0.608998210683156183,161.995552480579306120,0.861694908891345257
0.758053964719521356,124.455168086273815220,0.577981042598333272
0.720825280879571872,138.542708576056753600,0.952455957511006535
0.785485504305031057,175.008158862412955159,0.966419184515859953
0.674435222239237020,177.958557642295090773,0.770268532278713502
0.500326391138719906,87.376503556412131957,0.701097134416281520
0.429371713594596860,171.203152709591478242,0.879603131590639187
0.641849659207191947,84.813148442917295711,0.964719652715703591
0.389327858959344297,248.661243140423920295,0.555832517327517484
0.545979482788195303,65.929885874596081408,0.525307767540723392
0.781810034640856522,124.856906398946691183,0.963127709236380358
0.521232080231529893,158.106344223077087463,0.574045597386887985
0.578689892733300182,147.790170113856703438,0.554588376331342725
0.685082027628991064,182.740309857916059855,0.920425651553640201
0.932614674293731238,73.052124340759476695,0.852622629059583859
0.536421515719480935,151.646246521946210351,0.539087646105063212
0.548768433321112692,170.994513003614741820,0.617548454098045596
0.508708254424763306,176.310861561681662124,0.580422967111670851
0.475968641857532571,102.917418003903335944,0.598489184490897719
0.449209901100929898,111.094873871166868184,0.611672670424210141
0.484517505466221077,191.093275214288524921,0.567154475154303617
0.778782612214284020,113.461829623182310911,0.613620992048874658
0.753519785703660294,131.226517649304270208,0.887337578175124708
0.593657689891799789,146.674190822147210156,0.820851727840522960
0.558114477082357840,162.639452583850811607,0.897334388330517596
0.588700190121798972,67.374108328235735144,0.608101587678740674
0.406658424726625278,154.931582600595135091,0.594784298892744090
0.492889244790168768,142.751650292178510426,0.758476173284473587
0.445185972808248620,217.837736987397732946,0.527992470513412471
0.762912652248881828,150.886235610448210309,0.931039902049430435
0.821113404758514687,84.152886020214964446,0.697987931460288258
0.440880477816794736,91.642908588637666867,0.942132134142350308
0.624118275378396925,26.729874119425577561,0.561670195878964829
0.078247769864848368,102.586472603838458895,0.906091753632637609
0.569717918064016282,169.169450149155665031,0.556530970153751636
0.361327038176195270,157.101134161823779323,0.742845803275175798
0.262615670698278403,162.452038607178792518,0.652701702366921488
0.438881890828995702,29.312427889083863874,0.552857533965760983
0.366693428643825592,134.537211490210751208,0.792182008548355410
0.474882328617186766,177.517293874644735752,0.925458881619912965
0.202598685088796748,176.746944166608074056,0.606579565097652096
0.687795467677583483,158.336079846131553950,0.730709084883417015
0.585931505207873182,134.008157411357018418,0.688887618094589316
0.058547225556062961,98.574311556347169017,0.608203301143071862
0.540553559209763002,194.937188791750855898,0.554629094711079351
0.798840786425898952,81.092211083012600170,0.696253596064723368
0.354961643098888113,21.700638276394442983,0.643443781583316610
0.633243076179708098,149.118081653567230660,0.884783382998564294
0.547854965068825139,174.666765693017907779,0.583746841953518336
0.535452577073699865,144.630727426605858454,0.964234519930495693
0.703908171554392337,148.455150828199123225,0.943177747013621670
0.425999444999989429,173.998329833367733954,0.641814989133021485
0.431316416417104609,168.223410967366646673,0.599495036540764525
0.699003344230565871,47.265868199829569107,0.874474001494835340
0.782445384948602385,94.060301996514837697,0.897533338124210323
0.162319278409418039,117.796880358351032214,0.809263876834436457
0.097004061963933838,45.491632811937364522,0.839108543217051528
0.443578360870527932,127.423386486998154510,0.571261203362303016
0.484278227090102764,156.084391572286364180,0.817568374233056616
0.549399131957378772,136.557788720535796756,0.622803770100409104
0.481473267771376945,175.492683981782192859,0.828954224504323323
0.484098855131461614,191.676388775181152369,0.585542240097402855
0.118260096388021277,92.086693979051418069,0.935508034208579531
0.287034190686964563,197.863562265558272202,0.536247833192722068
0.715871624183689992,125.700673725080960708,0.708307968412459354
0.214950376547635963,49.216647938785513361,0.773064681228926354
0.741565728666558899,190.199545275222476448,0.968586884887176591
0.800825154968308528,108.093375098310019666,0.970894624343283441
0.494646879134626238,200.654308770693688757,0.529719113510863204
0.313181551539946257,179.393713212951325886,0.630086315035663813
0.635301113072904711,131.544572780793970423,0.876678900548891527
0.501900366553604815,131.227262841210801980,0.902051363424891894
0.412526398373176062,147.247570699235069469,0.796880135125353939
0.449365048277761803,191.485554392370517007,0.723695918217643008
0.573192123860830849,163.039781863792342165,0.827746194516366107
0.567116723099850617,144.950822870332814318,0.537794177561433773
0.425304186162076214,161.911028850401038426,0.724202583104821107
0.572766602619091403,113.469634129386349741,0.529590107529715248
0.526836533108298144,168.799584278479983368,0.631297960290526650
0.660540899747367294,130.497275967193957058,0.916436501068073728
0.724690191782577320,74.797877628408656392,0.948296852789744849
0.455843128907476469,75.044121164720721140,0.705529974928920778
0.074571304682630235,32.776074315322098585,0.739779927002107485
0.729777148076858784,110.976219824946483072,0.954317684039336145
0.583671863949117409,158.102816337083766030,0.751069517105991569
0.742384812023267893,134.203988071956587191,0.842508917039942573
0.012142856898138713,121.131730793102065036,0.949994106431788055
0.695235001567154676,140.747486721468192172,0.946366155767463635
0.531576997518048988,155.620221701915568246,0.538802073414338167
0.565118993424830629,136.787122974049083268,0.695302334721444648
0.730780767082985894,104.417408725341516629,0.953410879598632688
0.554390069283543285,176.904494324965497754,0.590566838973963337
0.505456378250035643,155.794830173442647947,0.611101801318549298
0.453955819263274607,173.728134277222210358,0.533663859705206245
0.416275656980158670,154.565854182741787781,0.536470813951303471
0.622004834889386404,148.875001345724655266,0.725150063871147554
0.515509979121399176,129.310532862573410284,0.641402456794338605
0.694851120769432118,161.242094063274180371,0.699760037621159237
0.668199817960007492,164.956082706924433978,0.751137498796025538
0.846638068740120819,102.910755644156722610,0.900311231958051850
0.544268467998951455,172.937391645204968427,0.595540049726403620
0.538501405301651581,192.353144409099144241,0.586286215780149611
0.392103352139391459,206.208549967411499892,0.587958982181192802
0.404155101744137657,100.027828446275250940,0.548493121557133256
0.383942356634079329,141.747330153095305150,0.911757856609790807
0.572640399589792293,178.812745240091487631,0.839945315441738005
0.578433850166218289,92.906052859764670870,0.913814794595073865
0.413556425711185449,156.727626786482119314,0.809211903965763812
0.633766887290772685,140.560287106357833409,0.973437670410007394
0.325224379196841051,81.378444894006392474,0.966480052994705519
0.448671558033302276,186.222219997295724170,0.838482941581343399
0.432894192474980621,181.562468904059102215,0.587006977937158947
0.488253890417982950,143.476971071320832607,0.562478927103847282
0.527451906162518691,111.930668106136465667,0.537716103243564225
0.476178595161970197,207.589678894754825933,0.608548212557391666
0.483841596556493003,213.228885814275002986,0.651649934401883013
0.745258737243377989,107.872744484648592334,0.922995236646152462
0.699962763499403340,160.071295098778392685,0.876949269495948869
0.342474521537956156,203.080220838533080041,0.519138382673769327
0.610658284351665359,98.201743899629050816,0.844160329278193844
0.476038266522109454,183.213959809563789349,0.807425399775608232
0.666789264072730758,134.488654411429678248,0.550013509147523116
0.624665951415260823,159.285697390824736885,0.959980433399991728
0.615377898279395152,187.041912156234303666,0.867141143583774920
0.112934158118382560,74.351379563081778201,0.854322149863514735
0.274164154076946165,160.808566610145135201,0.723207955816124182
0.537981458221483244,94.120964920598851222,0.803077929763289733
0.785977026169161430,79.798531416332536992,0.637279603754591473
0.578882526960093902,152.481761092844294581,0.814736126899939461
0.289936314287825070,155.435028332843444332,0.533651337393804215
0.487757261852114210,163.511894649964716564,0.625541132111993692
0.710376471477508042,125.214173639074445532,0.667702760480188173
0.628845016187990824,160.469658577075449557,0.935905152376745986
0.493383606334603542,164.847821988373169688,0.632422908134599004
0.717559120991898003,151.184252197583987254,0.950828456073696815
0.648387248130362748,153.494000464012430029,0.918742405284297181
0.391128797851028776,159.615360962543405776,0.556854257638419448
0.253148169034795756,116.491044894708380752,0.620383587217499533
0.564369958940285854,117.789471904794467605,0.959068396869537598
0.017338194372674365,31.777025468771462613,0.853169167254675287
0.796082605059061588,105.579168480848636591,0.975151964005441796
0.590627472679782106,24.522984878369733508,0.753123077595956536
0.747606945758083064,146.931043361870763420,0.948498811377985307
0.697911559383561864,139.415153777571731553,0.793578375071219533
0.038108525594846621,128.482504955783241485,0.781682223297516243
0.576233953090621975,172.552195275722482393,0.536203021124876611
0.577725287550094335,102.575309416037342203,0.616731351262661209
0.318313563869082272,22.497103329675926631,0.636610945033129871
0.748494152805150414,120.595993232372080683,0.962844413290126599
0.672728520709369282,36.400400074866894329,0.790075207493364129
0.134005014794758431,27.264306232033341360,0.882477843338181245
0.442432173486586200,189.385449090377420589,0.574287703590715792
0.616204281407683796,147.440145534701713359,0.860654078704185421
0.002095988931251573,166.009594507454664836,0.970680917499158635
0.514894432435342386,27.715207995723183387,0.560430736913486549
0.448195944109145095,148.643961216751051779,0.941674355834129173
0.762659703044500925,159.525000988550431202,0.959862532502068655
0.672751809422649116,83.591399960246093315,0.596571799070701236
0.131936662724205123,94.371175606588238338,0.955855172646577933
0.605555954940669383,100.891778558333172100,0.963695882511873991
0.540378789982482011,164.988129466208562235,0.537285280165153534
0.477135176346703993,195.528258828308793227,0.526343542945129195
0.311891404090109681,39.695847229269325851,0.899116985552103953
0.488634707879010366,166.375325534272008099,0.827750212422702303
0.473638455396681313,56.627272072464585051,0.843740459849103508
0.440816525027235340,112.579008426103584384,0.804400848937054658
0.561334570006169042,138.314585571181794421,0.749436103122580244
0.386655439129084177,30.754969650464946795,0.805259522446855946
0.399340101193473962,138.076793343466619035,0.549162223271216665
0.804628926942020928,100.867038596931195116,0.805628553672939729
0.416705989290983903,160.229253172155665652,0.634435811922209103
0.855072435999479352,101.807401590038580252,0.970460693206809277
0.586676816415939939,194.616352782887759076,0.568833118695602047
0.710459028968263850,121.050243781294085466,0.900485579866739605
0.694021704678260298,125.145845352946537332,0.609007121536060625
0.654155668476315455,131.094963642730135689,0.594662693306731160
0.714650927840123407,106.214954137177727489,0.550448747323361243
0.584913028739587948,196.114729710857972123,0.545056543265860172
0.659711279741035272,110.067319337983576588,0.805403789328220543
0.729931517729159984,160.281697956537186656,0.789616030795604606
0.417905051576588193,252.496006520527515704,0.518355169931311366
0.609345381837698596,152.370501119982918681,0.770173819102930479
0.622504797688429479,144.713258992314280249,0.706862055279631862
0.076216792093387734,72.250466763437671602,0.734808924391389673
0.488883659415601024,204.699069470738010068,0.519436113209463257
0.585232448309175646,131.758053724457795397,0.569925958254193232
0.358887169100360726,171.977375669816922255,0.791841207510889267
0.361391529261992250,191.051585773555643755,0.550621415411664206
0.265510059036791146,186.214953145755089281,0.790380563725649243
0.594541814203611629,118.817650057174290623,0.920145947652043494
0.618585750532724132,130.654920985112852350,0.555469689052929150
0.670149105590411853,103.863736628032782505,0.958580767363095498
0.671696686342245664,172.115735179375946018,0.822435788772407639
0.867800872103912768,91.741261799544702171,0.645194695495924897
0.404826180302968353,158.319349892173136141,0.791202556866954732
0.758389639037613805,104.827780220749900764,0.961649305220876771
0.578905635771993055,156.047088742597480859,0.899865084860810960
0.801029294874015640,103.317851235278652666,0.545692584088349975
0.577425147761843061,159.179432324999595494,0.544703474847598068
0.497305590492633676,81.271680718745997751,0.675211001895999918
0.717326161768991000,125.395111492124556207,0.898882775713629956
0.369757684345672522,140.082542397237290288,0.576215077157189670
0.602444348975389343,110.039911536973917805,0.827144880149525030
0.468104755887197854,56.762059104714580826,0.961846924572788531
0.756679580555534415,136.018145174164544642,0.975660428664724133
0.133756186474709632,28.034697045346817390,0.562712812882313673
0.701686810673025851,133.478250676471446923,0.918143285618304161
0.748066476822211501,147.258703974940601711,0.916349061160025125
0.496165090516501650,181.647505834860822915,0.662982975622783632
0.501451564216444101,140.157266347647862403,0.739558465386621844
0.439013016890344110,151.957739485346934316,0.802060247752247157
0.804041153070219061,113.477411081220040501,0.530709330684380642
0.545536541695463950,92.340836642520343958,0.827898769667484546
0.013274944009457000,24.764575177379271054,0.903023869794991940
0.629419418435921529,87.999378818013155978,0.775637617394321910
0.037601717347848389,179.699578163954583943,0.964954035884871941
0.420984186673911798,176.062725721775478860,0.533252175501038206
0.590137380781992960,133.170545511334950106,0.930547391260457823
0.800567102128521557,106.482879274592107777,0.951560837559383699
0.422783184563580106,198.040352113144564328,0.597545090282708302
0.605769945593185755,188.861642370516676692,0.922380710660718917
0.492969033271603740,191.778546025339267089,0.620113862880903755
0.151434810163650041,46.753500654461177533,0.891325604175652320
0.710518335040038473,139.197664012773685727,0.834438513365538981
0.563350734556191890,176.280326683684677391,0.541531488975159792
0.552899621703515920,147.900649486337442795,0.716347578317423572
0.157573241298767153,11.385991146589738321,0.564090973973541132
0.760380030770329229,95.098466120229730336,0.598203664509955213
0.263100432393233163,89.646375936961987918,0.957576761943615296
0.495763086011262955,193.373214419046490775,0.760914974194978777
0.663422312155987792,159.829646384112351143,0.870937625114770020
0.166940799139589563,162.851607605551322422,0.856067872150130915
0.471379855063085051,145.442557386964949728,0.936230460614405624
0.681551902581325475,91.790393200830465048,0.918283807940302621
0.514183216419144329,50.128285715104361486,0.612802446430422920
0.540767351393323548,163.052369017210565971,0.533930119517162627
0.604452599586870365,152.541747331802383769,0.798515704383756963
0.488450273959578962,111.477248971629862240,0.923795552887971327
0.455125886458848661,177.956536127777980028,0.870388778199215674
0.380317072442618975,93.804017321533905260,0.543066774414362352
0.010237679440331476,86.327987724793828761,0.948540128193370413
0.675073331874123106,100.156205246247452578,0.769818676277692959
0.668390746738069641,198.840477681605506177,0.712581987329058197
0.851310645477043604,110.602638958645513867,0.846156298753347524
0.336539408475891866,75.074587778786082026,0.855753062911437823
0.499898791792294683,142.359166688543524515,0.853526466141823592
0.544149799367019460,188.384913672180829280,0.536702767911845680
0.660018795492442356,155.615900186598111077,0.882874280946063017
0.570663541107300776,82.413175397036638969,0.713548092455463467
0.566870910465754996,205.736308527162350401,0.781482446504662143
0.289314164958643094,122.982809307576346214,0.920927321964807422
0.271490253932179737,57.699575853723139574,0.970266655800683608
0.718276292349378176,119.832833910333306449,0.602741798878733914
0.531876478993107082,185.188878544889462319,0.654757695906972081
0.523335002333611965,150.427918346467691890,0.881944364042462015
0.549233141860568264,148.200038663672131634,0.926257614616331937
0.702604836514012066,103.502204188714586053,0.673128742584980344
0.806863706181491058,99.938808208018031110,0.617524452792230893
0.441875984249371634,117.531430063559184873,0.839621628257704922
0.239768600602802057,190.654215203373013310,0.934067672606446298
0.502172596994125531,65.947744903286192653,0.592484236601702907
0.501551518211205472,180.376694645792667870,0.548286146021887966
0.330257322263081021,199.842714376061991288,0.581003223864318352
0.706655911531222869,182.878119039673435964,0.922274867845563895
0.498648230652802837,148.960173663484823692,0.853399706289073579
0.269462632793784795,158.362330863229288980,0.957876881984150774
0.068232508125685112,83.731428917782608323,0.932873977509021346
0.655097784116979720,100.226822839100933038,0.967507062958723241
0.352049870193384795,164.584025520192994918,0.727433456299807601
0.644991770275534115,121.700693611713504083,0.538778411835991733
0.685088166814616373,146.520641595038313199,0.893918074620906111
0.669479181600137196,144.738520473610520867,0.896175457395301578
0.178104247764287710,187.995240022850794048,0.923131036787008918
0.432080368797178482,147.039940592564875033,0.525295836090628021
0.442344692209456991,193.853213800190786742,0.529511785761802800
0.486910694382491016,160.565716976863285481,0.633056646016149083
0.407049647651083646,103.450168585684764366,0.956660499820364607
0.623978290762946641,68.102633327400297958,0.932330557479464694
0.546118296096171352,187.467869595061529253,0.549063050894514348
0.213706233734433648,91.992461806219338882,0.864947110703612632
0.358536162357013299,60.748337140733660533,0.728072192075301494
0.630913012006263596,136.392474571353545798,0.832832268896887662
0.649179136658095124,118.995388207837862637,0.962776430439294728
0.438001112592076747,161.632669049970701280,0.541975318583942434
0.562763643573035988,89.009004881533968501,0.967605799093539498
0.647710972385780792,141.291958007370368477,0.892750031244631481
0.514059667924213426,190.096587142405098803,0.608968047021231529
0.367633011623374639,203.275575551523814966,0.534207033850201074
0.612749993417589400,147.142637578914872165,0.672397219260844170
0.608086795628126398,139.273337550949946717,0.962080283080573140
0.559191972975344176,145.915550949206647147,0.525606693743358222
0.740478883793887599,41.091459156720922863,0.676729898457941736
0.417461891861629519,173.167315121623403229,0.607090243609426428
0.006036583994758366,220.565506078654152589,0.920000323200649950
0.829759276837389703,48.108837833807939433,0.576531632755037271
0.471729086731389857,156.189118355065460264,0.582663206561097824
0.512832947849713561,150.749213137485270408,0.587521215781027450
0.612972149312600800,159.581899938976874864,0.522024131130418789
0.720956485825847704,135.887244508979080138,0.893751013938095862
0.819227137657967286,94.689683047403718774,0.655432181558961435
0.685557085812395273,138.272068944882988717,0.939732967587595391
0.730257695463164880,113.293747688940399598,0.974881302179426257
0.811526686683923248,94.496856194046713995,0.546049118321644489
0.424626190957402672,188.067420424961312619,0.523271658769991821
0.563204905102386855,155.725125646291672865,0.874743224505754036
0.580127977630186753,185.583327338557609210,0.837665757225818486
0.326753517480927957,43.012948456092047422,0.865618771200349801
0.707450382406017542,82.197385601734765714,0.550267690107254626
0.431552436512745219,152.212337696092646411,0.545667864650712153
0.574090206796986857,142.971671115460623014,0.913209188827778240
0.455650898018635897,197.183785887856998897,0.919447974754061814
0.433656921459279976,203.309258235589936703,0.602535028596031252
0.596575099663452013,123.288401959146625586,0.796240832812125099
0.488843376651679373,147.863256097480501694,0.525674501228756585
0.699247684869641728,127.037629330120140025,0.894152659887815560
0.576928774818118328,46.111355485647109731,0.657607366277938588
0.717763117343264700,126.723666167769820845,0.723910344940531303
0.172233375179164955,60.254539729591421349,0.960228809897916369
0.583773140739127672,98.153523261707832148,0.905533362629300731
0.458516599028723604,122.094037226600406143,0.732325728089400774
0.262736573499304682,102.761110617821174174,0.528137792733070155
0.382616509298048746,180.989550790870737274,0.525957842173569667
0.288276543975290178,174.272725063983358496,0.716599796369489672
0.423140989889440156,58.289468976341794360,0.605578685888023105
0.474652885019533177,119.914104153037584410,0.683782998041798096
0.825534260102693151,71.314369961790134766,0.627576571912861869
0.508758426220256688,143.163974264241488754,0.525458345517759717
0.374319453771887134,169.737859322416767327,0.697252060309246580
0.671745148563008043,133.073752698416967633,0.899538388151594592
0.507830091344135481,114.899367322424126314,0.735787885742463565
0.490121354405061660,198.186628733460764806,0.552765432248796484
0.688334044608449935,137.257685123979001673,0.877133529505368159
0.429494194686183273,181.346745838425789543,0.545137083243920739
0.564044933907371870,135.172106760246350632,0.935049069065172267
0.485041125463872458,175.610877331228323328,0.784020642201566087
0.717719885112326095,164.583405607706566798,0.884167663579307317
0.577894658641575854,66.740209691203943976,0.579427967609964512
0.459715032837274107,157.861457608982334477,0.609420550915574677
0.754412643356491608,125.171664267034813633,0.908880597780248545
0.603289703212369077,186.787821252273573691,0.530653896913820589
0.631420052165257650,140.293316649473609914,0.957729374991384885
0.437684973421444912,202.255660110409706931,0.650017359930021632
0.491580109264491805,116.874387744132718581,0.616396682218453229
0.688021298544027715,155.888215972280676169,0.932639766888881727
0.502722164978638975,180.390771893551317362,0.577048582827189072
0.297329637793729562,88.411685746019387011,0.577940117119532859
0.324799578734836503,177.942638251386739512,0.683904584190873743
0.383214642477237188,139.421363805487288801,0.927227142822315553
0.585669768519679779,193.473678277235535461,0.582247707155950533
0.665244523217315864,163.031200927904791342,0.689648271762036691
0.519926590498975494,76.692618995156649930,0.942274999613768038
0.505726743624005270,173.613235228813522326,0.736118778662751438
0.341559791085792874,186.090398217257387614,0.929342138032013265
0.669073682530155089,152.240768940120148045,0.835000204410260460
0.437296881200058496,161.093675453789131780,0.798807205700574285
0.608643975821839267,101.230622693072803031,0.825451701433873475
0.285463076496856039,130.660794094239776086,0.964808603875585757
0.687513740686625519,153.998084852497697739,0.576655502219023619
0.454215837677596657,85.026452351233700711,0.925199400780587600
0.560690469519156576,168.939816444715717125,0.746702988835585724
0.549507113632605848,191.602315303697167792,0.651943948266976103
0.337891247472941192,133.479881292748729038,0.957292785279487024
0.518838422166834401,141.407328379255261552,0.931923021407104368
0.551445488996403888,176.997838895651256053,0.678719201307577014
0.515519890685580684,135.187734793550106360,0.930263438039398149
0.613635535713438207,149.147289826113791378,0.809666730798277445
0.689447634508643326,149.565298573744200894,0.932382730549717875
0.365200849877211908,137.085902036684188943,0.700021666830382472
0.475087305217598510,87.314782080560490840,0.848571404087292369
0.531300387288204501,157.968260180531984815,0.789699878376663333
0.849794738167491293,127.417302535312700229,0.951340500694402236
0.324731088344685948,176.890341357796387456,0.563260561404939963
0.519690966586205505,140.630436627539381789,0.933514935066520279
0.048522792808730987,101.045196755516599296,0.915620695202595591
0.551283209986278555,112.217662399222689373,0.528842453240827903
0.645567688592030842,131.087420267674303886,0.951407296949201342
0.001235774163733542,29.739522723432443740,0.649071053771962170
0.560115417062107990,160.009924707403428101,0.875058358627320509
0.591842152184083092,104.527533885979394768,0.547123509479312431
0.692590926771369908,145.241283808104412856,0.946125069889480530
0.545145666208761148,61.732498423426932277,0.564507909196938606
0.563364776061438755,136.801115512735037782,0.880831079134610895
0.501442633289782780,188.048858127439615373,0.651797541114581214
0.827271202174637343,122.833671090803790094,0.865407712813421992
0.532949347381262206,183.384591807746858194,0.626050979038467181
0.538400997878666021,165.634143723637720313,0.546303246448855084
0.429418112157185172,36.072196677630053330,0.582723228519466119
0.762881902204293971,116.902865354346474192,0.957323953031920860
0.505765433565998235,213.905826209235499391,0.539922578423551736
0.517398172182084504,163.894640847083849167,0.534653007857168183
0.367893946680472927,195.672355091288437734,0.609028872603714411
0.547176228455706570,157.080638539767335260,0.594923286038586352
0.607632648013582966,107.402740025395956991,0.948579047264151765
0.544909234313777913,147.045733278110247966,0.966719344629629718
0.633938216001388222,55.827557399702477881,0.711402282104393269
0.768607419823092664,133.876676724463891333,0.964499155291154375
0.417646923263676251,180.596479155687291041,0.520068951297251836
0.329488030563090672,106.471693899831805652,0.871998819870714037
0.530903213640115723,148.249694381561170076,0.522719625350198447
0.581720953269853958,119.543321079338326740,0.884126883058333091
0.455746796004027344,169.414740411951015631,0.610610541493522119
0.605353036370723019,156.887285447219255730,0.526526358073132417
0.584845105559056222,133.925137399586134279,0.909660716477197151
0.444174033977793148,189.485253142238974533,0.535758765024332395
0.521142390604221850,200.240999793104833770,0.522106286718105661
0.613137595859091555,162.377710860839471252,0.848233370820871468
0.791515248859153586,102.523195590156731782,0.914866072586323575
0.595929841727569465,162.100934858121945581,0.745885802453769453
0.858460195115599234,93.002290219711369446,0.911791702965376816
0.432967149323360945,157.005166887287174404,0.528992062821743159
0.596721693220212512,233.398422041012025829,0.666764523742340742
0.001129351545685208,26.583273889255121247,0.903034786873972872
0.577112027291094454,141.062958006493630592,0.967936714874283899
0.689347466713687185,151.797956401173422591,0.905302408052448992
0.524575451361900535,110.800445207831828043,0.888041278254175559
0.487662848119718106,201.723001760691573736,0.526376162342298115
0.234350137831027205,69.980092218913597435,0.528125435711501279
0.655340690041709695,126.358563745190025429,0.974699140052887270
0.414651893760456913,73.449251959992395200,0.824978453901599185
0.592373516884127538,105.331083269521855073,0.920239127135924373
0.465390068546481961,194.355134566735330282,0.539218561409790076
0.587580364809723310,159.927357105735325149,0.961665043879337489
0.588356190018457514,113.700381059071190748,0.691889575965849213
0.114783859369088553,58.442626494627397449,0.851424545420058521
0.379691344817582543,221.494956699079551754,0.565585620296173430
0.533913522908685989,200.126158650559034413,0.559824851458369133
0.472179704786487298,96.915418127745184051,0.534143743392612724
0.488449801401528882,18.788119817094202091,0.557612379279193937
0.526153611094043128,128.347345435019803972,0.824917653993813338
0.483198850767979637,119.642087882058675063,0.919963936595986853
0.548528628601450796,77.347310740959528630,0.916528341438593186
0.313993160835602525,49.560984660477309660,0.899098627474225531
0.417365861751605061,215.232764982141674182,0.584816090623122453
0.727220008486736957,132.026141387844916153,0.662326767207607525
0.632298926193973987,134.854387125686628224,0.919953413116695429
0.362668345338051701,128.112380920646103277,0.833182053101601316
0.625707731037012493,117.538352744997240507,0.857751484006120224
0.389897832076899875,106.070999626441519581,0.879991172382385889
0.061796299007795728,64.577223172586542432,0.891670184940361654
0.605621901813835684,102.299542142534363620,0.838097845985000811
0.641315349003675261,144.821689478535404305,0.956380025694273606
0.305203706194325353,141.131249000127638737,0.961484346511978449
0.313262170727903189,178.536231585154553159,0.960511291347965201
0.544870530027682709,119.267799526880750705,0.703900504718145026
0.738822822563684922,146.693345235228520096,0.939020919004653565
0.703691020733596684,137.138493740089472794,0.573068872381478078
0.718908803519738293,108.254691842475381236,0.622255305207270126
0.161659227010480050,57.692483878787079732,0.953818562086681254
0.357001883020199640,113.190386341251439717,0.527289124735030978
0.513250002328489829,176.305799605617181669,0.655907748408433688
0.566461466993902429,71.058587364780876783,0.950202907400741648
0.493698482690244078,240.785283960928182978,0.602752936370365533
0.362579638581731756,142.176089199503053351,0.585874133640846617
0.524825958940956627,48.910846869604064580,0.690712667315275808
0.544004863190267418,147.846307786996788991,0.801626066710204421
0.772357710434352640,140.101072584863345583,0.972446113664698908
0.627008548577829949,179.494452972300052807,0.953483271842513913
0.406121259362238585,219.113540317381904288,0.578817511433223242
0.427282605632795798,148.380881785490686298,0.572241984347246158
0.148419943539776861,205.834229197946370959,0.780388290037850929
0.570549674496199533,205.688327211142905071,0.521787754318193797
0.433378162580683512,171.807105656936442983,0.587722968958110714
0.599461097228473294,172.510219557302605153,0.864599494820240566
0.319829939227921967,182.293355716686704682,0.671333402662590117
0.477930009547615664,172.401486117946319609,0.517711637502368260
0.479658110401533611,62.348204353353438023,0.906899803058992982
0.583050178570600930,143.565523880086317376,0.865815031230862231
0.508780969139158046,111.041657653672615425,0.682558747105285968
0.650961125741632007,114.804061433520786295,0.631813656920608979
0.587970419125922850,187.856556297254059018,0.672535205771417233
0.633161321922644404,128.964714701823623955,0.963655925759949072
0.601110358943865108,119.267102147335663176,0.532615592582827535
0.320884664332472813,124.515314430435537929,0.816167593639784639
0.540701062925076137,105.296964207239199141,0.907326899674608667
0.625027988958102187,137.732155559658593802,0.832034390731670737
0.621189495747608067,214.040257373093709248,0.757425621991644649
0.459070640074961400,119.944498197841681986,0.522938960708131617
0.679421055396023599,25.839160733805311310,0.555450215255082869
0.689121463617040741,157.925776744678643126,0.908874804961450122
0.572440453746058675,81.783862321663264083,0.967989719352208455
0.498269624087153029,161.488429074904360050,0.863426539269970150
0.620272314701283967,142.992936457310406695,0.732705265450861232
0.805567089848878704,110.973142534536719950,0.600762239183113778
0.626308995235185684,107.887684811140786678,0.769321704800899342
0.542723639869559182,172.484937968682856990,0.892319718408409290
0.066685686914143144,140.348215170545046249,0.836809851274452177
0.621069871163858256,138.660380621630991982,0.610421289255555388
0.788386837466682477,123.715496981594370141,0.667763256692597174
0.405235106814406665,179.986912254466886907,0.608163559127569586
0.587277451058090705,178.645416286530348771,0.550826167570720671
0.632902261642449115,120.382251596672034566,0.941605067154817399
0.491610376277182182,190.551601707519864703,0.779184897399646692
0.482444991594489725,160.680435310601836818,0.626114478558223109
0.130614072493089622,181.017844156125903510,0.915686048522196372
0.507705961703486586,168.097667569876904281,0.923905317180219621
0.675454365669412748,96.617577876889015442,0.961662565888391496
0.697921088938329826,143.386034758724207450,0.909621914216483640
0.419261291441102413,102.607915478355081973,0.684376475313575150
0.740422036581120935,142.131016976095850168,0.843585166743353376
0.396767837992898498,173.280436453032564259,0.545690815621988068
0.496312145532287419,140.603711057806236795,0.931048395045625088
0.607325640291132007,141.243044614944125215,0.571175403547634075
0.491617570014975969,116.745791172400785740,0.532032363919770268
0.502485426919719647,180.647652753487989230,0.657865769235725151
0.443579320183521641,82.927035843931648174,0.969834812927873990
0.430884964154482575,176.819428123117688756,0.751100666283191165
0.852265061384357758,84.866649211698273803,0.942522896994463233
0.400532761104922586,165.206294507655627513,0.581998198696241920
0.003888823029482226,20.138631808396894485,0.687081060334478355
0.575801809983350177,118.378598464378626431,0.768504804568271416
0.218539250339254254,15.587234106775893494,0.578466131397637029
0.390386490796550523,38.854565344615750178,0.832480518075789933
0.561228088106185075,169.207102810844389751,0.775260021510539743
0.553168564972447818,201.164584821373352952,0.557275333849047705
0.529706011946090571,78.028970669270478311,0.974110580179102792
0.785523276860721986,153.370124880645875010,0.959384633978362045
0.091318693179475163,83.734851491531983925,0.830456269421730675
0.311731132691017376,95.841519289609848897,0.826735079612244350
0.713006712095335393,109.470293916659301203,0.680158823636852539
0.484801618871055273,84.712095708414423711,0.858949741093603780
0.651107042794729307,87.675879125673048975,0.959186424358533074
0.428953656997400401,75.362808665055027291,0.882195098409939482
0.041357701052265980,123.179940133791347989,0.959374726064079253
0.494989578000030128,120.392077631703131146,0.751757323342651773
0.034620052904566226,81.168954208231554048,0.883723003458605438
0.381510240847714011,38.702008604111306056,0.707737367386123584
0.445075962369790135,161.023371495521047336,0.548083090526575556
0.600370353906525156,158.244610292947470498,0.844494288987836850
0.414476516897839264,157.149199074434307022,0.734596326945681222
0.594582954733297697,169.025135246804211420,0.817201006285478204
0.529103713285518751,121.278461497522940249,0.607748978067713552
0.650743275556072587,129.009686310278596011,0.745148744013129249
0.585903434873173534,163.415414271110336131,0.924112109260592396
0.429948724275730054,156.645763774203686580,0.561501179174165643
0.654333884642117058,109.753538378726062774,0.949289611309322545
0.830031755641402857,96.916527703769077107,0.891441345845342958
0.805254051320000164,123.726452401006582704,0.926551858216426494
0.461008485992612627,119.742904772913789202,0.943606005050213192
0.534392485729106026,153.434969020073594947,0.521396511285143083
0.012823020986031379,39.400147065971026450,0.668039502927613604
0.383111267500530595,42.299532738721829617,0.567923532958510502
0.584874491634288840,123.077034335532971454,0.863415410386348614
0.410790160924165038,146.927468113095301305,0.856524656651121541
0.851816119749469802,60.161466832822846129,0.762807162237010727
0.412534629131660446,54.745380865542458082,0.651738207394037650
0.531216649727540235,73.251197120153662468,0.950114230297503082
0.577112228273889638,104.947931754383702696,0.942524319976327352
0.663433141406610472,183.359999387126492820,0.948428235251625895
0.412567957881818104,183.903633048585589904,0.603003227106753581
0.371610309029295871,57.071860578528848862,0.922177423922076356
0.718647378206940357,144.526143816646424511,0.891898907497101545
0.153534340673094516,95.776333274327029699,0.754061326328687942
0.372812479073283298,99.514404534602306285,0.556138504581197957
0.567493679369103110,154.087972945510330192,0.828973364032102422
0.690893053935500379,132.356686216836607173,0.723785004091193507
0.754645545970730525,54.235582815007354895,0.546666678939201844
0.418677392023828032,173.173522567455535182,0.647832156355164557
0.582321631330130596,127.100876012592792108,0.702074647633498139
0.433220238762442089,142.451336646682648279,0.544718087619576075
0.486622544689010061,112.740085603764455868,0.846166334568152934
0.716188272251417124,131.318290843232006182,0.943935407705230878
0.557887744456417978,118.837421706864532212,0.903265740679212170
0.616406161554992171,159.222422068657664340,0.846361627063219712
0.449703304763211298,150.024850177627541825,0.544833525421620113
0.080808583792512045,18.097791955568649058,0.623103366603200870
0.535581685093055926,102.461122332522705847,0.539172829541708754
0.426029104017259186,187.400380541360476627,0.729817388624903307
0.502594760630580395,97.278102959552327889,0.677593711251492037
0.486863998725097502,191.422711502439824471,0.522213861891769882
0.660883482515699838,80.776828536476102727,0.728775200275588508
0.412028988745031188,172.699428144461791135,0.591233009157444922
0.751386902443359928,116.327429503374844444,0.530131546794956887
0.260165974689952395,39.137720651102789304,0.820452886583179830
0.728046820079571777,118.414359405622860777,0.667779155059508023
0.247168275533361848,117.328502099291824834,0.917589116618657386
0.039117872201080824,13.896337864533036210,0.589880326901976115
0.515526358149950292,107.075325545907517721,0.521621352184377107
0.014749463003844996,10.592994646185630359,0.761381888401821416
0.635153118048462861,189.140868836270612974,0.546354768308615402
0.561446546861346429,74.928687630044066736,0.775978983560273727
0.583727045576196368,143.387306772322432380,0.796227967605787956
0.614187216464445074,106.551756279557139351,0.920073222532183710
0.034367263148975209,58.676077758731089773,0.745090469299979574
0.520715704038513749,163.963609431981751641,0.575167334394061314
0.282490713265900140,156.393353855670625308,0.913031396336814405
0.525075513480414702,162.257099975155966831,0.585321301000396699
0.648471710558375380,102.659343450240541529,0.946656992243396500
0.816126193294786972,135.786730058005815636,0.926605675978716459
0.652429417159388514,141.637338758861801580,0.706961364259470204
0.670370525772491122,173.717237546233576495,0.732121373608707104
0.781687767248759213,155.706432158029343782,0.916995221501255342
0.427209668281774091,187.009218300994717765,0.565259606493182187
0.746785531425788851,150.905761397412135238,0.943648885292976525
0.709879439430444403,49.471745359466119396,0.656449480180543610
0.650580146652175118,152.760393621626775484,0.913806691814084693
0.606403435575802563,169.366520733539772436,0.723795835721992353
0.554097308214902440,177.608558688484691857,0.522593613330050610
0.668844073784060522,128.613429612550106640,0.856814386197485511
0.576786012644515345,148.124477097294402483,0.919532447611236092
0.631513261419945682,128.985050502396092043,0.950251942644168679
0.048682828812481385,153.123268962398810800,0.948765339503280236
0.424880362710156778,92.125407134927570496,0.542803510483182539
0.474831619332927723,63.581730163426001923,0.839098196029769872
0.466483762336018681,99.224478535747550723,0.664752635840492712
0.570366320883351818,149.658934185324739019,0.651589153217650985
0.790671187253692676,153.013426936720350113,0.969627742321451214
0.419019122325830939,125.743460725497953945,0.880527077675092529
0.796607350488982791,115.256562944327455966,0.652123368720291641
0.477628960694639504,79.693522137530607097,0.594168523470337329
0.382236277548534731,59.468924860168428381,0.757591837513529764
0.516137754195907683,35.737202140991342958,0.548881749443921541
0.648535070462159635,55.659445898341864734,0.899853275300657396
0.405077929417611504,78.288775902918075644,0.971849386007257676
0.635205430659685488,144.977641934696436010,0.708110127290110469
0.628197948899415604,185.975237632820267208,0.857881290271323427
0.765819632821805985,173.346688712388100839,0.933411065520522776
0.445749810023019999,65.288526882916144700,0.542529628912942208
0.301871253139105733,47.731850109364671653,0.628269942542629467
0.596299084817381475,110.186270705235870082,0.845013488579383409
0.536163438045537455,162.981965658606327452,0.533886883493395414
0.664094866791946847,123.960919227452095015,0.920957640306715453
0.017773315805656803,51.995816363118777303,0.845252482695757479
0.442732538752770077,164.822344400568880474,0.845475571647097413
0.638183189968353437,151.994100179360174252,0.729020439494958872
0.500403487166051653,172.780145381274422789,0.543880985771126313
0.518560722062858748,172.081601166886912324,0.627031446591901576
0.813400376040604112,117.010221547739220682,0.963825028283515128
0.492222441238517661,130.560387888235226228,0.572770541508041964
0.458262214003744450,110.138520576877326107,0.864918642418205375
0.591354347080608300,126.445071096843562941,0.534847368927692912
0.565323707480738569,185.822820892802326398,0.792000437865651663
0.683794550055526473,98.199620871492356855,0.973370054596443435
0.605511891248966205,123.479976845323903945,0.939530116203067700
0.585536717290430886,170.630724029861340796,0.806164302823168977
0.117816399579508693,60.797042250772840077,0.571717510343094482
0.128613274717764459,14.462471736292876301,0.532863380484409510
0.618267808258865403,100.299222523815274144,0.572796219978496390
0.554536854461895712,144.573047397154027749,0.951783481008765753
0.605693714207093281,182.058323835690373471,0.918262965879388826
0.703091203597157266,140.954322798466677114,0.671675340527600584
0.603277898348586250,108.673467032753876538,0.938384988134740139
0.457478109453427095,151.537889736697536591,0.660463963347531879
0.578814810415304692,65.965295107289435350,0.873398573510679954
0.600133660191975005,137.955383825589564140,0.540332486019123759
0.570410240987157757,157.527029856421535214,0.813929490177825343
0.482337202610255700,73.781636751845070421,0.944195960213517704
0.499584853248017546,146.797024529023786954,0.759086298570949447
0.654375394826095080,153.797756195968077009,0.901166600059322587
0.577405665936763568,129.486218284934381018,0.860113652527117800
0.578415599102475420,149.836948898134693309,0.826950694760775429
0.670035288757413472,65.406030392972837717,0.608284754125608007
0.452443295197700268,96.261620796838215597,0.878823907683691230
0.004973018239195643,162.947713663023762365,0.810341535748433706
0.175324550928835282,186.001233769938920659,0.655302741025820534
0.394933809557066196,194.431109460294209157,0.793980864047438395
0.001595516874384736,72.640468731000495950,0.807367609609340953
0.779346222613552575,122.968033000940877741,0.941972882233339970
0.435753303138343984,225.753689224703350646,0.555064961978004590
0.537803742358441972,200.814744999879451370,0.539072961387105032
0.358078191121932787,184.870637969639687981,0.922905842392260478
0.577682381382640053,149.101412806177137327,0.818871623700357487
0.848942764738752409,119.751815884535957935,0.968987850458520539
0.336784194822739136,170.219259848783934785,0.939476726303012599
0.203618463658346072,55.205651163246535873,0.947926375122719267
0.488582020216105695,125.815405767557464856,0.628961519795046664
0.545000120178203318,72.623590345879321717,0.532485152050407917
0.393803838214783986,170.419391172328261064,0.596139399111805024
0.721405252784735107,121.859690173839993577,0.685466499407531016
0.629305413602707642,122.115922921551316449,0.964320664985839793
0.815126461162345994,125.050006364334848286,0.938231416584890288
0.542384146920469767,119.731323640919853801,0.676090462712216622
0.358432330182189063,41.015175551606354531,0.764114106076286381
0.353420147223589276,117.978165390678853441,0.842781247250268484
0.600148659134532192,135.823265556973524326,0.928934445504641548
0.548866191045349394,62.543275201778342876,0.588713441944460736
0.371566909021968372,142.986107500402283677,0.952217565121385001
0.423670389643835077,166.469748131379049028,0.697834690678800662
0.521005962147654156,184.367359371657869360,0.603077016749000383
0.049817370023334341,198.256638528225067830,0.972828370089195538
0.537249021074668431,144.568372470616822056,0.614457199630081607
0.527892992931446203,152.512896526008177034,0.530634512014651172
0.447555392066082303,162.263744606603665943,0.581092591139691805
0.589522376783960467,89.352283363739587685,0.523526041875700510
0.589789666086061093,75.917541158135904311,0.932410376051319822
0.543960722086277437,134.181212988709802403,0.883942804375124291
0.609606526216753930,119.195722891560393464,0.976257445291811576
0.304651129279087884,105.288000191251853721,0.938042773471743585
0.426631993898611284,159.044878631503081579,0.627806412993960450
0.449100829945839830,159.681752916018439237,0.765461205966631697
0.396929856704545336,164.759756788150326656,0.720052537478252597
0.462759667016587939,130.113166789610801288,0.799816183466773634
0.617493563044008709,111.904820768923698893,0.836098890394086247
0.653675196113593038,160.656417437268316917,0.950523707947853680
0.630720786187569660,113.473121631011423460,0.965742736826775694
0.799567527711840143,92.567463726944524183,0.818192905674583915
0.139919015752989873,72.214312989633711481,0.817765975364373121
0.524149280803902995,160.019873564582496783,0.826814259115313144
0.532263496108666967,162.214593423129031180,0.841340168982365078
0.694172720175448621,151.067901716262042555,0.853476006933844289
0.667050847671872393,128.729610879120144773,0.548115895926557517
0.429924720991606668,158.900182588710038090,0.527382523876385290
0.454048661211223226,147.690486357909236403,0.891220101051221736
0.395168640477950583,135.086453589604786885,0.544108921840256832
0.312796198198319553,81.542401109239648349,0.935208320337247656
0.563024498534219653,74.975519161144234204,0.622403990003898899
0.031748044125415847,81.021423879620201092,0.932096372922665894
0.446680307647352393,156.912608394734917283,0.579768467727164172
0.577392524892270664,165.284158244258946979,0.878868916259699318
0.648052402876154954,86.531834445968712544,0.828776056872068123
0.518761320082797961,163.272238424955645542,0.521544899536445783
0.464522464655474532,139.596434547217029376,0.554613280421802024
0.732081037843884008,112.411933486266590876,0.972071111661696463
0.618123488821784473,173.191538768987470576,0.712917919455515414
0.563450595069095450,126.875943672649199812,0.943461949367103592
0.720612226795669941,142.209300653415056104,0.825854529358555078
0.566525796770289802,161.630139139763656431,0.867686394352957358
0.016632146043668316,95.289371819817858977,0.889886586342905961
0.571578541772454041,122.169824885894470867,0.607737953511459095
0.060219463966926991,22.563070750493089633,0.543871040556978769
0.521732564180477199,134.742311861143832630,0.863928556597024389
0.546556813435146616,164.088599366947136104,0.801443664756891883
0.618137971273719833,159.575066169865863230,0.556015665895042699
0.724152029790847807,113.340548772132066802,0.937884977651216589
0.573287135241087875,125.824818616932532223,0.521368413419627474
0.507313387914902325,84.544825032162520984,0.563351390045605749
0.470922573122553534,129.393270327904986061,0.521007564124219447
0.669501937787501555,109.733834547706649687,0.552730766615690983
0.799536637373539194,138.113096940549525016,0.963128727178190203
0.446081100396691854,155.569817070354844191,0.573403590739237190
0.624557229836043115,182.599204216030926773,0.554765978938558280
0.770613407575219234,138.769125467214564651,0.797525766933474767
0.107018894321771363,129.023352156369753629,0.848941221850809336
0.248496372177309188,167.072951896604706690,0.888061804793091047
0.432721674762254815,161.133244665565911191,0.555718652366717025
0.760917135576549941,120.558460590049165262,0.953998864075392916
0.431739250076245529,154.609462845306524059,0.712309585527648892
0.440722168992225327,181.005726385300420134,0.540368293835281621
0.776498045742833320,106.359120785398545195,0.957816754116320057
0.492601201099172437,176.790242241340592955,0.757151378790339225
0.154227987938501981,136.310364772323225679,0.971911090337912009
0.575267339790403343,162.741732335606229753,0.516923603683536181
0.516855622685230554,188.666126982917148780,0.833550412656191342
0.413067140793141885,193.983429626937493140,0.620687108105678065
0.303606715545029548,62.182315597357188608,0.684004419478300374
0.319283188224236014,133.692001430276491192,0.957632800361421288
0.502902053553009099,222.959774966869275659,0.651526731513857760
0.337043910843976058,190.322768292947102964,0.727176165978075773
0.507083980821552593,108.181708380276020875,0.860801052642102604
0.036288878271252635,74.478883737569915979,0.946047650042763033
0.115901925143413520,53.637962201659867389,0.855946530340683465
0.612216531153422006,148.306120971482471305,0.833224796981810067
0.425113219984364632,200.568281570263849289,0.542055830012799333
0.604406999357735231,181.492770898977369143,0.858674102672820627
0.848034350096858569,171.944956675662325551,0.942254334757285816
0.432951324752951228,236.540234640850115966,0.517369415126091914
0.790278654872685116,63.631534662608160602,0.677883458970919062
0.621999940992230771,111.152778376152312489,0.863694712735857850
0.584913089058423208,115.776725357092857394,0.759187139343725281
0.556800274201431078,172.080632306956488264,0.647060914166452283
0.449110167419744744,120.507595220663105806,0.702766178906045091
0.522108798753927128,99.945483104007351471,0.767400998173885407
0.539478106123126522,205.873572074302046531,0.620919830392172800
0.770240403214159874,74.953094743540347622,0.588289704769857758
0.202611865675084352,25.392579906182575655,0.858564029130783890
0.490431086586484988,167.865437424769567087,0.874759831744853278
0.513363744261088661,176.991025658441031965,0.546631070391672580
0.501648381122004938,155.729284476060598763,0.522776077184568200
0.731887667632451944,85.569667885671648833,0.538925270530150491
0.043150939829172549,11.508419334679723889,0.758124422434129475
0.631181910528044843,94.079913761545469697,0.533600307215286618
0.680743681859245608,156.396560903960221367,0.972696944974988931
0.450961971562814035,91.714940616261273476,0.530240109883949873
0.520456117310940991,223.415671000820367453,0.710948034531359463
0.786626551183202682,135.871422054146052005,0.916381448465110826
0.578614821032760296,171.794749544297360444,0.759821563700431302
0.495396363571044884,203.354652314260931689,0.704171417357357332
0.569123276772767528,172.351473117337604890,0.899843293165613622
0.531960323386630130,183.652829360663361058,0.789630243834735124
0.194831098628353655,110.239063546780741376,0.845807361506763056
0.239274457040468763,48.426626793792976855,0.937801904643959849
0.529348993186650518,236.527289761484951214,0.554743222074074782
0.122662588440142661,22.159719298560197842,0.794180031546074416
0.226572769115816808,57.076155673309685312,0.673845847117892638
0.541045320508917738,136.078713319765512324,0.910892271262686126
0.237901363778946467,173.051851424123981360,0.902823738991911040
0.000886586439642398,71.809249876781265698,0.935525652006479858
0.603318320502672423,93.779237195769681534,0.656920488389276302
0.444049224501586293,117.315217669520109212,0.669106986999022491
0.431344454248751674,69.829540219950516189,0.904013995557538808
0.772948099253297993,130.398735727498518600,0.670335182457984513
0.462711406555767590,169.231335499379554221,0.836042932388936233
0.739392431409562678,156.689392056872605963,0.872334904317142223
0.659233522647966752,85.303796565149156095,0.947638523699091628
0.339494431204619473,42.240698610806006741,0.813096923471642752
0.464728826019642716,151.372452597514779882,0.744349723994560786
0.542068690983430246,131.898474092573252392,0.966991993986876630
0.026490542346399967,34.147542803513324827,0.635141163856160706
0.343250194267810949,124.749953372341281010,0.972216646947618224
0.424528881421105231,122.063997513133827511,0.542275433305265397
0.411644137758926665,137.350468940455357370,0.815009167150690716
0.050142998630680446,25.079813057630598649,0.881173720391886572
0.001127740379161423,40.347633063637140083,0.887581795652462757
0.407786188381332015,138.485608574447041974,0.555412174537240011
0.365476748643546345,158.822613007287486653,0.721460296114866173
0.519121061499934422,180.492296155586558370,0.521970405270365312
0.380511596030895627,168.042801956512732886,0.570862937318204033
0.200091913851071418,118.498112075789705955,0.960127012685596748
0.455484912624564975,153.119130067119670002,0.942066418774989089
0.606518636148483892,129.402116358657877981,0.563206672992480506
0.733056264196360163,101.822496613948203503,0.919740308424180641
0.698152508884621215,141.270987064780882747,0.740364954254318031
0.424627084159061641,117.631162998627956995,0.606616669679926335
0.477972983432862486,214.567664898339614865,0.566631001715024563
0.205607757900479776,211.889037345813363800,0.785250509573008459
0.533853390396414218,150.001691157244749775,0.936285172204757821
0.424678267055359937,69.913110216864097879,0.948163111015714377
0.491525454360749792,166.019241095287185317,0.780483295570333468
0.060507352424527650,66.469065664805469851,0.534685993587891706
0.279477348312273610,126.786525843940026448,0.526164678673713304
0.427152096957832406,159.007588285024098695,0.568810118816621246
0.463150323996784297,98.052927633845868627,0.889166588421738791
0.345897887427261463,105.057069814405252828,0.653030199236798281
0.486160719656046458,68.341102814400855436,0.857793781347404138
0.591893211391048557,178.227684511029451642,0.531087581455241486
0.563562924649254393,164.840963749638802938,0.539907857763093801
0.404161632288481398,134.620419585934200768,0.849647299055110494
0.577717103207053939,217.476286041124296844,0.710655260987222870
0.837220854588023644,118.301230800762311901,0.963869204010304514
0.299309453551354521,36.505511189846615139,0.703857503974569365
0.451155605455352382,205.100823029713922097,0.584737843404970148
0.701093115153164637,46.050545494126417623,0.571859239040315770
0.559104820713303474,157.717149731657229950,0.629183450299220293
0.373195073490862506,151.380026473218777028,0.800549284755933788
0.521484521502993181,132.330500516533078326,0.520196131517636218
0.859821128181230465,109.627017462831744865,0.977696567758524759
0.581147396833285423,134.381041897122059936,0.542378938077942463
0.761286452550497983,100.634029635678047043,0.728374687829570489
0.658724556058934874,145.199022434395317305,0.964011665653349392
0.335237713310618968,103.939834416429789599,0.762071850965131414
0.685153796956958328,143.880744581385130232,0.713724375459653837
0.761291154041357609,106.791396175439999183,0.961244076878492226
0.378242035509881058,91.128008270512907529,0.954481627502047347
0.366210857018945013,168.042748681690113699,0.699822797036127930
0.618504300210923952,209.759564061076702046,0.663985703090850365
0.453955819263274607,173.728134277222210358,0.533663859705206245
0.539148756308809873,156.875052558493052857,0.525813466181660805
0.640771611190205426,82.785126349149763314,0.930603408822643252
0.430357741556643913,87.210735580848080417,0.614110721406581628
0.363495747420105153,93.110792751987247584,0.950183824788278009
0.855609023541109903,121.413859133404457680,0.852630961554998290
0.436398585066626321,149.942307639574693212,0.876869915202569850
0.606223473872329999,135.991409008374290579,0.816726733451563658
0.308724588245627873,58.743289169525603199,0.917621290320668193
0.869890961694524401,91.787733275136488942,0.981591985475843254
0.655479652112942790,127.012624120385382298,0.544165940195143305
0.697689503564573488,152.154898778183536479,0.653034154591209060
0.075065551964494936,109.726310773757035122,0.686439421187999388
0.253940756801762368,167.584152336796449845,0.940032212035793791
0.461905752305592721,63.695510144674997832,0.525327582678807636
0.121322308440516613,35.010179679257490193,0.680011656445368873
0.611189552568229932,83.377674076313809337,0.633496905574557179
0.471304930688372981,133.701779078465648354,0.926184328287539937
0.518298466208634956,57.752750400307753864,0.638047368013435423
0.686209581136544289,92.491150627995935452,0.920543693857357792
0.323183478167397453,89.981995528353436953,0.602846535441256881
0.683053650053744521,144.435976965196317678,0.905684533379412127
0.677696754899974607,129.262121862097870917,0.726189608939169839
0.654871532428503489,93.563523473175536083,0.592421495702135537
0.683093394152356703,105.578915380989585060,0.965082920273031775
0.001967993065146360,259.288029704009829857,0.971860725603192144
0.628332022839857562,80.031076233206604797,0.945577661537921887
0.698105893010155909,163.435426970555823800,0.898944669908665173
0.499638105484686734,184.839265184554619736,0.619002224734643836
0.601033908294283381,87.634845897377260826,0.653910147758445137
0.692372229859622434,111.808184828405856592,0.539965817185944497
0.548633977024368558,200.817369144554163540,0.638434605054673865
0.306193070141703549,152.027215681262873659,0.682728804437687797
0.578281364953678878,171.281310742633792188,0.771048493674303170
0.406096960778168259,178.718602923171573593,0.663013467609490648
0.668348267803630436,136.147425597789805352,0.947893977917213082
0.635040988632093573,170.474190256678355126,0.847127969010100790
0.684160537222716081,127.227954150618472795,0.668397746750673205
0.142583652134245314,66.059029369197247661,0.596405651360246702
0.257143277104710355,188.195117610348034987,0.834099752032200437
0.629640827660554958,104.572222296344307324,0.940437692834890759
0.597293063243720224,155.102140540867594609,0.595343732766955513
0.479581729932476164,215.852620919350130180,0.524309837241764498
0.518655218843850241,121.307552476796061569,0.909699225248590038
0.580490262102133836,160.498211980658709308,0.543084312764411381
0.573235208861027856,96.349050977206246671,0.891520691194744641
0.539170406354576470,181.189539301826528117,0.641987070244652736
0.338118620327961084,76.964691733769626580,0.661721357578334057
0.608544178546793435,100.238522616511090746,0.573974567730624496
0.043679092668134148,54.218651998215172227,0.905158926405284392
0.656689769360174647,114.635953154313156688,0.960530355453662499
0.566058574412888760,140.795773166827501655,0.524372997549279685
0.566969466872881411,153.796010034945396683,0.847042425535643240
0.318717447205404736,180.435572081797545252,0.825214460676756634
0.727060958474076591,102.992224511494924855,0.931919038896069529
0.763221889404812059,137.693154163668964429,0.960413487328428128
0.007940779042017966,20.835223509091250094,0.574688561441746959
0.518371238724904093,192.536012038071191910,0.543732244736358505
0.536738518588716240,164.205366935158480146,0.676901033905459415
0.469550103541648722,141.711421841840291336,0.647378169859197938
0.418255720900127248,164.903937289884993334,0.772186598437063720
0.396348195264123127,195.666720077459757476,0.681666734181597733
0.713788062718756611,136.941270572862634936,0.823049878098626841
0.453653876872757045,204.560776624111440469,0.552391111412648517
0.263664809046744719,99.828144126636715328,0.724910413953177235
0.403220828149963573,146.437387725794081916,0.739967565430016183
0.603989217622780905,116.474518139113598636,0.694600229268721336
0.653886629588113610,65.499044190184960712,0.867755816685500725
0.594601835054821226,177.127349470337350112,0.662609310417430875
0.291528942449183814,33.941524478664540254,0.899706537284299834
0.538022899365741325,89.658965514552420473,0.947163756467664597
0.437639130172449708,32.237610190388288345,0.545579769847779783
0.404982841051422793,150.030509282711932428,0.539980646758023930
0.600274878492170982,169.075983287351135687,0.891300377272067013
0.599198504047642078,90.873173663857173210,0.944590271123173397
0.462472558250435206,198.510743537677399218,0.560080335877012225
0.339460887297676872,114.689951870997674632,0.803902188713222610
0.194969913755520724,52.466764062255300871,0.956221443195041099
0.562455584743246528,208.422910789494693518,0.520615778896122205
0.730153338048613043,63.243636351059265621,0.936422973740401288
0.520123510055060079,165.511375615011104401,0.642563764127703330
0.373189199742834099,65.685998471351695116,0.875398918865564424
0.641082803412670654,163.174030159466610712,0.833986640728547002
0.784448741596877497,120.102143473209309832,0.971328618599851978
0.673272883949878276,42.627456125883441018,0.545686422821640038
0.549304575649769422,192.293967622257582661,0.717393976619587370
0.546498537412364094,178.278547817135859077,0.917040740052690762
0.373822317620513933,203.428723410586513864,0.762049728968276385
0.055179496250630421,101.529194400443202539,0.821616436120134241
0.504332661387544512,159.728077021837378879,0.553199807269669996
0.184195888636668553,191.236498432363305255,0.948247406313856622
0.677623195028302372,125.302536156026604885,0.894621722057188151
0.570936477526532427,129.779905018666511296,0.527007857753503450
0.375562649917916047,77.414270599636239467,0.811536429564406081
0.641833623709735401,65.897403318865016786,0.781933134677196717
0.619702216755180113,58.129357387400801827,0.606142671745806161
0.606499472722601740,178.939382120819317379,0.568203957774406687
0.535635302165699434,203.208380692939186929,0.883914212462079796
0.306481305772670021,79.800969839648800530,0.913920358889675044
0.817329717160812041,52.732630463192975867,0.547389378715193553
0.566322197917861536,169.286582632373693968,0.822136638666919772
0.156058675323047846,47.279480588601295210,0.624065714471860766
0.801089790151633507,101.402694730992323002,0.844844082398280349
0.670026155828476244,101.456178266277291300,0.537535666465568940
0.039613580136629800,120.952496874047625397,0.943501815371035280
0.469468910317536847,94.340380545248507360,0.891584540488301824
0.529672918323034425,118.247786831537979424,0.914941045152456445
0.547436580422901553,133.426143429665160056,0.905113573123391468
0.425873260254069019,158.113199502827910692,0.580939506660599903
0.735814862362222488,86.436277391660922831,0.742387433187574941
0.630249728530860809,130.505732911357881676,0.959663265552957334
0.498409248218703971,168.829750417596727630,0.596600193386236044
0.445610289847490459,172.513781914966784825,0.566139342021326875
0.594521219685081315,145.316848228144465338,0.588492472984250670
0.397567016316454525,78.912244102290301839,0.924802060591960129
0.549714171168653620,131.989132469663047686,0.967042582125537953
0.544848662405521988,175.563980397139346223,0.890801883400618499
0.617051440702026555,161.812596249315475916,0.607269178035347412
0.256749723267988672,148.690858216029511141,0.842330884465042784
0.488705044232484231,138.895094661248634793,0.820061942759136908
0.502149213897346458,172.086902308875892231,0.563433384862186748
0.479404015512441883,102.455758222328327633,0.534210106570569887
0.897084739525710551,47.899694464069149547,0.621973364391407380
0.564682437761603206,125.036712595581775531,0.543384806341474236
0.573127371565391175,57.038534554857342584,0.886941823091867088
0.475676246261884539,161.710919976550570709,0.540157298559031052
0.200291546798457037,194.660586663522877870,0.865267079274836926
0.588860964894580841,73.272732681248925246,0.925283340676985810
0.524397307057884343,128.059462577758154112,0.878663544910465610
0.482481872434575798,77.057504992669564103,0.964634271266282650
0.001412032247952282,76.399102306916915950,0.937098727850662616
0.478774915055637629,29.826434576387672593,0.672480018431334647
0.074104951742294464,65.200658702703336189,0.947773878459187591
0.463041929793399532,184.626803058615365671,0.576552490910262172
0.606371776100965265,121.098365618416693223,0.963905713335644343
0.505329801548528690,52.799794825928643149,0.559806400635683543
0.469229643870236912,161.491124325948277374,0.544064580410472010
0.344651449944023858,109.757694211998241940,0.967748187266095128
0.230757229534436198,107.634603758265853912,0.638159935073692619
0.320873342538097128,147.487401227947600546,0.622978658326939660
0.474871745896516262,174.646648961687219526,0.522097493354938824
0.216586323143893034,144.615843832727307472,0.807397902850911731
0.381605794149734390,134.443392303115047071,0.614909467687258848
0.303884380610458138,61.044938251070391289,0.827870551817393219
0.449750210180891841,184.511283625080835691,0.762609365718087906
0.682605752945454558,137.803673147499949891,0.548634730607771015
0.520025515859138476,173.297208261472604818,0.600111487986216385
0.122658451705621105,168.026132662666555007,0.886829422306745663
0.430802175839914314,149.496360166201213815,0.532480349747419202
0.633909294194759276,160.170583231961785486,0.788927948646944710
0.702992057860030939,129.816078469092275327,0.959108348013526513
0.537545633227518360,165.937127447854606999,0.895903479360300681
0.653087386820570659,139.354034829119626693,0.522094662711268143
0.705358106381268279,140.556437847670309793,0.925252518491515019
0.734566762813868901,143.585217266804221481,0.910856345673164203
0.515126560057355798,104.905402242255746614,0.704469151276492345
0.163512006565572993,72.175064023914927702,0.916921908479670700
0.478672965569036490,135.807196497021379855,0.867690598211604991
0.067456633699157970,51.058951239657197618,0.907222686683761825
0.684829097717500779,93.782702545558009888,0.929654313547698674
0.608309839137971209,122.273390818374238620,0.791129183029133376
0.505114506061941526,94.649802025792851623,0.881362226945741511
0.539869504421910951,144.922656240620597146,0.663698547773659331
0.806578503070944031,57.936254635826493598,0.726681416362377930
0.626052513797374255,126.563195554002703602,0.925028431942698015
0.505820467991560996,100.023435858908058549,0.583737775235603995
0.392425071340338272,144.347743103419190902,0.568112795143250304
0.757954384370030265,69.364223947602766884,0.683306798828249518
0.604882272107641228,158.423150686317740110,0.972508791344126600
0.540088618475834226,148.337694150561532069,0.827182540317108583
0.428718041932014959,156.113661255979053522,0.549940923128308667
0.006401189536407747,132.405193274008922799,0.941649600297757683
0.642604018586218517,123.794915950582293362,0.944082349157489231
0.077110574167482501,31.932246828882810519,0.933309042172367320
0.475672922134531495,111.643654715065110850,0.758719385738599206
0.427288905170946254,168.744845585236674879,0.898669760980684962
0.678993168629997146,147.083630271869850503,0.542297312642393781
0.497227081243075075,151.652900037532987199,0.782661237156142109
0.653845828928330541,129.371479601588987407,0.916146263351660939
0.851661988096649392,103.826319865808869736,0.583478390807017133
0.480933661190971418,155.480393443083073635,0.522717142896155118
0.579894053000715393,163.353494621473544157,0.630366585339218855
0.754427008859523518,72.681425746979897440,0.532504237575607164
0.549773601866630601,102.622765801568391453,0.914346105792959829
0.397407622470012156,110.716392469875316351,0.666822120954910891
0.459270297908717762,142.559973522225789111,0.705279269275377430
0.301198077167804168,182.803623006796044592,0.583954478740624561
0.358341407552134561,28.767904952762439308,0.832820784860990870
0.462473872877012249,64.610018014146731957,0.528080606534445551
0.500772491001236886,107.848327611083135480,0.819736718219505778
0.622625274991529531,166.618381568470539378,0.786421334636361768
0.555533619473570162,75.585368251869198275,0.937551748035589272
0.540165261277737563,164.655312924815831366,0.570970229548175445
0.792772934889935499,98.145137511343392589,0.830902875713742661
0.587294152540104863,111.462704981101552448,0.819720619659896288
0.707474578608597526,99.144034259101076145,0.930348944739170847
0.577382768861644413,185.479827220035900837,0.845173295474560771
0.426130432180293950,201.432349455159283025,0.520987690726723907
0.628522959177554297,114.959624863761362690,0.918750269073718817
0.872088298994729505,142.855672209336404421,0.925272801376342380
0.539726630343863589,122.780337563124760436,0.569803557417189577
0.578640551205286457,176.419580352683311730,0.550253667911026589
0.609167600404967868,76.657106908290643332,0.717957336632547016
0.876441723193675193,102.890351896061105208,0.546913009355598501
0.320396851254193482,67.182403246061809909,0.549735920336047679
0.522127939154337417,148.790996350075857890,0.516152089897195410
0.425154652315979764,204.026608794100354771,0.544618093908576184
0.437090747863779328,209.674139672699652692,0.710883782550958743
0.449618307329899158,183.545994595349981182,0.528612685086342848
0.574304741683195785,145.291261160785978745,0.528385515747164858
0.394288559355913892,166.418849656431660833,0.673647036249533482
0.865624980287255541,140.870760023555760654,0.894545879218279216
0.644270738665039033,149.756226256904511729,0.876397952704680239
0.532256749611508817,170.223179867953490429,0.844222353845539342
0.642236744854175479,138.923814222113662709,0.525384866992419597
0.593762183834119717,137.058200294281817833,0.796984103477945016
0.721953971464418864,162.012533555396032625,0.915961285143297110
0.196276770036162451,77.145038534826383625,0.864487862059909684
0.631915125459034832,109.051764485541255567,0.916045853707608604
0.310177078257621419,166.448140546880210877,0.940948932190005194
0.270997871468265650,198.072207954715736378,0.760844006365457792
0.616269221007845758,192.971305946200942572,0.924045397802115698
0.557011270334848763,116.522626739087343140,0.547868564479695785
0.618575474508455847,97.648978874701583663,0.659301244003802744
0.614444703985186136,83.256517997673995524,0.883943770877537949
0.560285773157273126,149.713928685473604219,0.716897827498261586
0.596987997205079668,46.618919705617805960,0.576862774397672862
0.802863991243707109,93.757277359003197148,0.660432119218222535
0.796727317146694536,108.712940285708953070,0.943671000772929869
0.582934168762511029,89.423426557727793806,0.954652170418495594
0.484711110658404554,158.944486240931297516,0.547796903926155876
0.501451564216444101,140.157266347647862403,0.739558465386621844
0.553599946506713514,128.665960066343956214,0.535027807409517608
0.635195875568856594,127.266359780873997920,0.690488651799876063
0.422841497120986232,148.121199909786980697,0.915367030903681878
0.441065048792451675,107.460039993947034986,0.549098986305712522
0.505287277983125893,186.132266462733952039,0.524664822410441323
0.742429615619989547,134.594130470470503269,0.724784347308597754
0.363092935437059283,141.025679724341102883,0.730628864344137652
0.514280791095763745,169.597388545635766377,0.813137853197359650
0.447517690078506947,139.788101062766827454,0.579978712364742632
0.607141611526885838,119.747229328774480450,0.603106258195716727
0.322546606434850447,66.309199132042664360,0.577640245146889275
0.846234728612255349,103.732659026698357252,0.945465744041672274
0.635503038827218147,96.020310416845319423,0.933643492761396576
0.027381555733151635,45.797204505832112886,0.699786554940005412
0.556390202222224572,59.980062715722553435,0.787491326478942044
0.838588681957862403,116.935307123248435346,0.973154870808486505
0.462673208028300587,189.426810990088910103,0.599450882826766729
0.538273066484563967,122.329429879762685118,0.947844963952702235
0.435692985256087517,179.991229970185003140,0.730368594534110627
0.772805652372007268,107.514658735190621996,0.645858922826979098
0.341857131805337944,177.370976415906540069,0.578775107567969460
0.572891863696656234,161.491011223458002632,0.538358321411550489
0.344459351633948030,157.589375664317202563,0.746690789271871158
0.498354426383269988,169.390486507774369329,0.622846963630632189
0.647795781103638446,126.019780348689650395,0.791212329096303901
0.420841040312468051,109.516723292867737882,0.574751805683260564
0.436759126039962087,148.819392688708148853,0.738972614892582369
0.515835149560699091,179.416214758976451549,0.914791644568420770
0.419137113905798608,123.298906035699133099,0.766557192872648008
0.531503522674655615,155.019962258053453752,0.539664372106505863
0.309307846831942734,131.213717362670990951,0.567192574814002537
0.649981481346290746,122.445392047922254619,0.860566280768871428
0.537315943709273269,157.625215067916769840,0.548710007003915812
0.891817159663745307,45.084332025819819023,0.600982115704181696
0.512679993769217690,201.180866687273464777,0.743064795200478745
0.561652544273332111,122.292520697857838741,0.845756334346948968
0.644773778169421607,109.536013172966761431,0.598078636902956151
0.417522151723611623,114.372509540603616074,0.845553716259605181
0.666980269567350459,199.056105491467377533,0.903565026192261422
0.683628881526025078,102.667677797310105348,0.536263924641045331
0.732736942432451688,136.651400522313224428,0.895187710018071625
0.758425614464027564,52.075455120863246350,0.558604139126041788
0.535106114514837805,70.381015487956403831,0.652876171941982775
0.646551017862430744,170.808706801894118144,0.746966861594713705
0.863047350721399043,115.963752119507063298,0.961698319477745089
0.578884143893283798,142.819337755766667897,0.667604455156360577
0.490968389331526978,161.027771770733664880,0.526110537758315067
0.438292944889799474,125.831507216328731147,0.617275031944846342
0.462311413896461743,160.415762815582013445,0.648070326952079556
0.453631893732039493,162.721168083588821673,0.565907458512124539
0.387343078717749145,175.581269435966959236,0.741151280199647822
0.537428127098362740,34.327166371761926200,0.614132286815982975
0.623025395001201243,177.671755180496575122,0.566165578462516028
0.549781793498005822,197.280170485334139130,0.824822217246999889
0.846785978436659037,143.432500075269985018,0.953005580980685441
0.380463179168343657,187.689146204223845871,0.736197773066762817
0.394038624969212714,51.923432133677870581,0.937235451816084586
0.460770900298025532,207.340100426433423308,0.584209814016018791
0.673307251147172936,52.789545836854813388,0.858544407879301086
0.491894429513545617,105.155648275364981714,0.594696675156651478
0.242213939935509742,73.419363715303774143,0.965007229891105656
0.846468349956598698,130.117719341461338445,0.937373997573336171
0.522923768876693229,117.473493768530559578,0.936815127672960823
0.390938647543874029,171.108425175863033019,0.900312869632049706
0.390890569985628322,116.205241181569761011,0.531703809677547157
0.385608583626183776,156.079769237672593363,0.648750867537391418
0.737192853675203041,103.245090770184177131,0.637390546256850765
0.652215421291560404,129.652659338699919545,0.532614128863040603
0.660546623111964104,92.786892307353852516,0.885689020675539895
0.454513632704991066,133.618102711863627974,0.778932228689259487
0.436054984283316405,133.027654111149274740,0.703522854209881365
0.694377176030188004,109.031275551969699222,0.945567083183352586
0.342386802805309143,93.097407782337256776,0.522624273543396578
0.720762329514597289,168.131162286737321665,0.961061687949083421
0.813618639102790975,134.511950540236597362,0.963995413201719886
0.044108843170577262,15.078808061317541700,0.569933959769802212
0.682618714928884485,153.053446980518117471,0.955066018763394364
0.686814985180616566,90.413343580421553725,0.962963775971375391
0.320873097565691989,179.379262490485416492,0.714644056266540595
0.544549471884483660,77.502351325622456102,0.953851018810407680
0.660985042183838800,187.286799965262019896,0.555168742710191787
0.768243148992237113,149.070675832655069826,0.963454881759322035
0.400826235173824486,143.195588202346840490,0.596217204016518898
0.599089987209851516,115.558760295619919134,0.943038535934774380
0.561311429133578565,68.281304657698683513,0.835546798076867603
0.576879749187224622,93.186439231308327180,0.947099916047127399
0.144738312502238897,17.039265150559860018,0.809983029271682531
0.535920943890068835,89.936522156152349794,0.870177121434781209
0.693701831675127001,105.624983023827240913,0.531070657628542109
0.617592451895716210,124.376191298091214321,0.950377588461774114
0.644185538184419815,150.861335238146210713,0.830442814911331095
0.488582020216105695,125.815405767557464856,0.628961519795046664
0.567344580283093536,36.210135709565577145,0.695031600856392595
0.402412192228972176,137.950198360563035749,0.690959176983570900
0.651803338437285329,91.469600839599522146,0.964660552800410742
0.714116535447308798,126.840482818607981130,0.900621189581077175
0.248645908246992453,15.125189696861035316,0.580498885685013399
0.005790999431091244,31.707972191305117349,0.830494851560631853
0.471152648017243936,178.932841108148124931,0.541310022038761995
0.589739645012761882,145.027150376624717865,0.848462243294387242
0.712403990992400926,158.515101993106839018,0.940291253582259401
0.485458592159410507,217.173006358753696077,0.548769017621956734
0.551151636570298864,154.815738870866454135,0.724981213199027752
0.658373991009436277,43.718138225086043747,0.871392598189896894
0.446472187196982284,174.672495339030547257,0.536956831300128057
0.442980629417546456,203.422034492415093609,0.565567115789242236
0.457966796440244628,151.762759732885626818,0.720494125827939258
0.376289535222901428,105.486829857733951599,0.853170921326180665
0.593168011787648664,204.231815786241782007,0.856497788488334022
0.499423695108025978,159.160035246700886091,0.669384149322521882
0.699884777744422815,168.725224969831089084,0.954762656192024051
0.721899158273397346,120.109856553948716851,0.917145635787098623
0.791847884614548136,94.082933270278687132,0.763091759083536880
0.518971544239327010,69.325714409569599184,0.578929109847631240
0.609613935575327837,124.447694680196903505,0.964517906557877391
0.817691065518178606,97.060253188514323597,0.867897045624393959
0.332137945367120380,46.372096395834766724,0.853735932418992594
0.861607132528257935,97.702801985322480505,0.930619784785002846
0.545366199247769412,155.275444929449406573,0.676836738354529843
0.726078340210449369,142.301766827907357538,0.867763859270056948
0.500471068590607082,129.174039460787554390,0.769164296645757806
0.497141524169767923,179.638968588530900661,0.848673619502569254
0.721449531576773384,180.973395142330247154,0.964035228119820564
0.484980937650578869,145.516168687303860452,0.533861589230576028
0.603941001326200100,141.843749392520777519,0.956740392990274691
0.530911475735925453,119.882583778927312324,0.733322708169247384
0.121080174550926539,128.712008145525317104,0.753264834688406992
0.419780062831987710,156.405240422438225778,0.887666091489522469
0.815678000812661841,127.576561460505587320,0.910164157280564545
0.529992548076615111,154.021128963842755866,0.880339176202635132
0.505287842038777191,148.209868051337082306,0.826330103040779917
0.445445794882216750,22.876682466366418112,0.686975853114583201
0.467231028763476774,131.190364718974848302,0.615033030961206761
0.427893875237174426,172.433709348925560789,0.659779724359218944
0.577428414984516469,184.218205305624337598,0.701529987531418375
0.669424360561633236,133.237598912166788523,0.527938254068268220
0.312815741808376346,179.777119628429346676,0.871861195936029620
0.566702538965915159,120.706373395480170529,0.820670004563309963
0.687383787347867092,156.046085846898989757,0.880501284924611438
0.107620085902577503,99.016189936701508145,0.940614591589336912
0.478844368825319944,181.015098951389035165,0.530708493772584999
0.732213451431313556,129.666801073512800713,0.922193121955913742
0.525950205441816587,199.587269205324361110,0.603397785705282796
0.797948886187237694,112.748923129279774002,0.744116266736099319
0.550873307143629809,81.241658862289185095,0.958724830511992865
0.783531291341760805,129.164519750839872358,0.958671126072188740
0.319001171867534905,61.130796917277244518,0.916807399664891221
0.580157019423274023,161.459170036049016517,0.712050045610794213
0.597562575717434208,136.288263634338932206,0.596642514085058084
0.672444194103561155,119.777052882718706428,0.781906574179404679
0.303085384326200136,173.751570461376928733,0.520012784434548792
0.559360815318613036,61.585974493912800654,0.879523480644684330
0.368656424341248623,94.629484675470379784,0.530792786185735777
0.703095840431707364,190.084967347922003000,0.738726737930298416
0.537902344490716389,163.300861850582236912,0.630181044353337882
0.424631750442061084,153.743899762369863993,0.841606006470775214
0.486097717313579203,134.504655362167994781,0.522417255984560347
0.529586942350500967,169.010264398365563920,0.898048281247562530
0.680901401143674812,113.876383054646566961,0.906101354353627819
0.444570233606556175,179.947412748286382111,0.520786039072725804
0.364808738139313637,95.753450144368542851,0.940558855026806806
0.326095038619290567,143.254955164901929265,0.895728915064234688
0.752223969246378799,80.741600506226049561,0.709655510545308843
0.670432738231198200,130.879314610251157092,0.641776014937376238
0.764093082144112756,84.836047249468165887,0.908885796082724351
0.407862091318532405,69.311589735590047212,0.667809497017881171
0.380068667147110240,211.121690476890421451,0.525781527766589596
0.471435252483177636,114.064635455099391947,0.850437673802540095
0.525987757501457653,80.474031011412449743,0.949908356712707791
0.480752406233662277,188.165290319864766388,0.533012415157255282
0.806964243103886369,135.551599384821457761,0.973304544128471227
0.476583424487461438,176.158550028462940418,0.610354880129070354
0.766510949445724510,161.978535553323752083,0.931675755850864373
0.000400459028656135,165.929813008214665615,0.980537629053937376
0.199281119271848439,37.099350683508582449,0.869032032385811837
0.531491720466907180,184.591925079653094599,0.701725050149378915
0.400968206862510668,86.279671167458417358,0.956222676452234133
0.509684483618987105,169.873804857344083530,0.714537387553519254
0.748516112145554025,77.662542873190929527,0.773435685237965354
0.718215336295857543,148.105743835137275255,0.612598026555284836
0.596026073274549595,140.807496087739906443,0.824202151599524924
0.433735817716889904,149.470799475216097107,0.528413471997945861
0.669481926248705617,156.540246605728782470,0.972144809649799324
0.423168243968346292,160.282029443734643337,0.734610280578337660
0.479005437087047847,204.345478932218185264,0.530480781043564109
0.543987372393202606,78.204746792987734239,0.933739061067409115
0.233331608093124615,101.386382297616350456,0.607943237253038116
0.482505115395444217,155.366499996019712171,0.558286430579230664
0.581978139849843590,103.482415795336279984,0.901505300071927751
0.571920210353128344,159.886870620882518779,0.539121545903433308
0.475050769603942324,124.013423818696750800,0.565905889821749941
0.562442178521307401,144.616091918675181205,0.914631345160571319
0.495322873870449820,125.759042694120964256,0.969380828031087494
0.512482097669712089,48.040347299511630297,0.686278846556913846
0.340295821914128160,185.535109201906692533,0.765935747664703293
0.578287707185296762,116.364830410601726385,0.968083837416606308
0.465551918780112373,168.285681527952078795,0.581050109207071896
0.511200675051363018,128.738429054335995261,0.552009270907924510
0.456972348762196001,153.892899785884367247,0.901109841363783692
0.334328660940598932,166.466208806128292963,0.620836666546596305
0.529213807925929203,118.312719552382560551,0.858092490918127115
0.613230475274028519,132.982516903538794395,0.917530561472623907
0.541234597578698740,211.662179727537420604,0.526215570430339952
0.599943910842289929,105.519263585013263196,0.708816396245199654
0.412748546279350648,198.141157915913680654,0.545673577400579535
0.514613605999520773,148.647920573101231412,0.801276232580004022
0.523312998807395569,138.876634782164160242,0.603230519809194288
0.528606388916173620,182.762872583283240147,0.534242237910480755
0.719430948656234914,82.215479686241380364,0.524969336444296886
0.427941547538124689,160.614588146625720810,0.621804417490077754
0.529662578817335694,57.482913767580384956,0.959705587343298472
0.675056970171605819,128.143300234589247566,0.896038927595382839
0.659013458919488593,132.880312396571667932,0.561490291993598456
0.458427868212064937,175.258043076195917820,0.548286860437303569
0.256209987718554633,172.361652755053313513,0.803405274481513221
0.524368809961217486,176.584121303548045034,0.780364504648723978
0.729378566139117890,30.962614523501525099,0.561552264632945164
0.867978755484971054,58.736433956289339164,0.571325265272673799
0.130775907406441322,12.732966836286669476,0.567516506817553612
0.360909448407927047,123.869767092774083039,0.863895142048349052
0.863966292269175651,68.358504386705959632,0.716178112991112337
0.582836200766870927,175.733630119529379954,0.611185567766939997
0.593434480566252032,126.173180004477174521,0.898352364550743410
0.499652106831959597,130.596570534016137799,0.849836468870711848
0.640550194163826747,94.395226456427039352,0.929095608345132717
0.001535709685846078,25.411454543986092602,0.892164340994511917
0.220676127319011733,85.165815541829545054,0.646818167683040790
0.339266848994992321,157.628050998551742623,0.632220283724211018
0.529408386733664749,146.441563001115326870,0.839374479763941528
0.063782050066099383,119.439570475195822041,0.578644870861596328
0.384676638375932467,153.631739348265909939,0.886599182498507332
0.476747679676643776,233.538869739678403903,0.557652488875143626
0.427190846764892662,169.171775774888203614,0.525261618751586612
0.614764236869787539,162.268652486913026678,0.825988629110590344
0.748596666828236557,126.193783569291269941,0.964012275334566238
0.528434916676034372,108.037122112539108798,0.528560244582832239
0.678367638645910986,58.050556451025016713,0.698858741967884667
0.626655642670424284,161.031878118973168057,0.760537943959084473
0.757275609167847419,145.016172599148802647,0.965814234038040009
0.542340924888824683,187.380676112646824549,0.885468410947542584
0.703279535718870141,150.950904208136108764,0.815425416489974131
0.354828506545808331,143.727414756286663078,0.645812810494997280
0.463801791887631099,169.849976778667212329,0.550052042939273678
0.528729294616842704,168.942249527724300151,0.668242651009090749
0.601801632295774214,130.737112296230861830,0.827447430379216753
0.713641432897866634,51.069247047344696000,0.675625600406898119
0.456455348174289011,114.362346553324954357,0.790118866589611724
0.003545604089115215,122.580743056126792112,0.719882349744059513
0.537940670621167571,200.429456576451968886,0.873300706893676670
0.632428054675501894,129.139792221599378763,0.595194063493931003
0.647076123094902034,116.098094028999199168,0.544346554507893043
0.617906895474297113,149.110049814293915915,0.915318941748860526
0.365082251833800442,208.789632210176023364,0.641239251287675227
0.727167474413821457,155.748210278232704695,0.876646428424068591
0.749387610075366362,135.952151399915379670,0.697914258594000358
0.515296358733425497,155.410940743347367743,0.543849235607328563
0.493804613138091153,116.287869612444509926,0.861747324298279604
0.645371166083994696,130.735947649884082011,0.620810795309545860
0.507373417140271066,53.475865998992418326,0.562302690522036075
0.226592394896883847,75.426429260124308485,0.888215019243213222
0.394952083979165147,160.230179531304514740,0.666119271224622445
0.013029129518109911,132.156986888245285172,0.963440852812181392
0.467189077347218984,136.690299402831811904,0.875197161152080572
0.758151661055857073,152.897918385219810489,0.877628957648919461
0.767435622254660332,136.958023093611956256,0.874052298394451532
0.594701956996801395,175.324689591073649808,0.825155408082492769
0.577774865927938475,188.151133674716191990,0.865014591423453272
0.342288182214275427,134.459860031657399304,0.583283554548136296
0.063259965721869219,158.843446797029201889,0.967320248371380087
0.526146090628604401,78.746193829270836773,0.526502475568411565
0.672753849876486343,127.740578166416170802,0.662091650922175812
0.524990043027904862,101.624085100116445801,0.963532642795916550
0.028241217574589632,12.870221563114629504,0.785594976107010012
0.694589099166302182,77.757223602771702531,0.727680110322554419
0.773169024032647645,124.632269447823588848,0.963033932519257174
0.543507779150790071,114.373464684936280378,0.974403371409242824
0.442974953042380937,192.594271497847898900,0.845027678553013084
0.324029940973474262,179.045054171602913584,0.820776491681549869
0.280382272977673708,179.927442043197629573,0.917677132816581032
0.322360551816396113,178.304488476009169062,0.609662903541696832
0.444303838222281533,124.020103494084082740,0.966557139473599669
0.411849109757576548,159.432292878085036136,0.549070437081034424
0.454152669204599679,146.067901047989948893,0.662780304516080165
0.747380590041384574,165.956914411603946746,0.950077139561825490
0.569328885906298487,149.867506602426743711,0.938007622832223387
0.485361672462278571,165.820986315606518247,0.589329046952395297
0.470663977655783272,209.994703256493011168,0.649357586950980337
0.544801413221317810,200.273657063310963622,0.632850905289266907
0.811740202183835247,119.086472075744879362,0.932685740673263486
0.470760823031358855,151.521731050118233952,0.869873303851452784
0.567731455523081907,108.781184413561661017,0.940562972796536889
0.231638358271942041,158.053024514928807776,0.583038755209174364
0.643164211098599226,158.589374641351156470,0.903513191440154628
0.488640337723130980,180.888561546995873641,0.527657064785418517
0.575345073194168832,152.828795682827035307,0.573373455870264226
0.489049089283233818,134.962393480653332745,0.961490884749553132
0.402535688848761009,156.774765503894542462,0.924074931574929259
0.512667579077149993,160.567577934728433320,0.572917553696536519
0.430926578626421808,159.343009271765140511,0.556041831592591462
0.475383970295520819,106.479018454102615010,0.533038152723782077
0.380651425083681882,179.883353667840310663,0.731287804067791813
0.730702547638719113,92.762710231749963441,0.875341539385073863
0.152276276435707236,149.361397249266190101,0.687219006196122417
0.598638952202535601,133.955203319328944644,0.807990046409403195
0.547738861378547770,197.456573924897782035,0.557642949200451987
0.305991965421556822,129.617905920855577051,0.912839748038957399
0.767155942408159541,160.838846896628808736,0.913082036167841671
0.860652017078594733,95.825859725582077431,0.963502146945131477
0.470336408631135738,206.557023966653360958,0.651079232086482107
0.520804053240596532,198.417636848852737330,0.640981484637871635
0.540387376923851637,118.837214374560147689,0.533000542908744102
0.360049155322732573,96.383159752648069230,0.609431781305350584
0.492807163312293406,116.301471615707995966,0.828948068103164348
0.451226490577144368,157.689605233361533010,0.824739382097753104
0.688183404970333923,149.116761068935630874,0.912432566830617020
0.494766974121331748,122.091660283729808611,0.827320760110748177
0.705461743446787137,149.665739227098612218,0.911365221185232999
0.514755881270432925,161.760540383763498085,0.685991749240427384
0.271854131842891311,171.991053218106685563,0.810767598724870586
0.846234728612255349,103.732659026698357252,0.945465744041672274
0.354688716685807537,141.430329709145809147,0.572960766202273875
0.451102895893295941,173.575318284766012766,0.628584024541642639
0.403749706953296816,237.704814318385302840,0.569143570684492839
0.549382535063585475,63.317783940121280750,0.553402842365427805
0.047258669393523974,95.058589293643493079,0.942747670589710429
0.558734795746530510,156.294617276799101546,0.932251319897945852
0.637031407233750513,106.538644453569759207,0.524674721498244678
0.487908786777331016,194.213938207691569460,0.529959378010994353
0.789682410100042920,162.914574795533695806,0.949192842119246150
0.573027571453559648,144.719360204026003203,0.847181153585246483
0.628625939900032682,110.931048492165771790,0.959933908294662186
0.487573142750709621,154.018521947696115149,0.813653806081637510
0.678835884573468773,105.437461616227793115,0.655647828148202216
0.015545431133583533,105.844915011422955331,0.968903463367329687
0.652311816423676305,92.845082242609763057,0.951926269779622247
0.572407568985344728,166.292663159325741162,0.973180560576117903
0.822762442015994910,133.681348834770631129,0.960605084589615910
0.700587125118102838,107.297201026927595535,0.967948343771168673
0.472608406408092707,191.069390792322792549,0.525555990827246688
0.565675452007149193,101.583925310524804786,0.971536446739869497
0.654742679512390957,93.591612972376026391,0.806572556837409693
0.131402015923300475,45.305467365541225888,0.735383398927336174
0.377056235416799113,146.830512378782998439,0.533246825398102309
0.548261302953626073,151.767146414511699959,0.721097832288529750
0.559674692960423270,136.263914971131839593,0.946028735803985832
0.285107692678258251,60.727931246564203605,0.874306844086627954
0.816739032659441477,138.064876528892455099,0.960632845166633387
0.547826121490399442,82.200086819749571987,0.877029065059375390
0.669762001177228838,163.675707475497574706,0.924717515085372477
0.341600170074021603,176.182567916169574573,0.736881747437892587
0.700267288665351484,85.069773496163790583,0.969757408331809012
0.395923421832865885,140.137063898970751552,0.523126056878840728
0.673721487491780513,129.322998644038563043,0.946335295763899631
0.469512879927651006,127.627321775972959017,0.883741169105547009
0.572371111752426498,94.901091555937995281,0.950169859452783760
0.570902564768503540,113.835040120936668018,0.757760574751192850
0.613365020881516232,154.263089603634227842,0.876706638248568204
0.004769080514362381,173.722782129919607996,0.904276268005893558
0.582551516517476164,98.481059059727911631,0.962381554910094472
0.437101915032526434,156.539666279478439037,0.546201654782452861
0.612801183587119325,159.423389013289352079,0.954876404952665570
0.818332339696219213,96.333356809556349276,0.865130636770832240
0.734501852955389500,182.388903964877385988,0.929250649548110097
0.627296660336507439,117.359195892264878580,0.969483012754078999
0.622611144565876851,167.631407370621531072,0.892481109041481924
0.497882588842646412,91.865471250778114154,0.897985314391084533
0.417371134707897107,126.040649411861963358,0.533563941846402323
0.618467779540560647,156.122428078425798503,0.850690252394488700
0.104963771982121271,37.722672931657974971,0.811513061256493362
0.879660619001496946,89.791284875144839361,0.944231738740215487
0.414266283795776902,155.262582063997967907,0.716565268679913547
0.699810050742431966,119.036347922001468191,0.968214410197605901
0.796265744076069537,154.088311831541744823,0.941468656790891645
0.911828510240190515,92.199310869136695601,0.918800217965019539
0.797198209918003498,152.883122536696788529,0.938811250649950413
0.507245592276949764,106.723391431911466043,0.782074855917023415
0.763338421128392342,166.244743865759318169,0.929365833989501011
0.514441722702430826,137.011611608232584558,0.810887200141201525
0.477395587152708800,39.625296879128121930,0.527049640174480638
0.478904327716007716,160.247442447192355530,0.746772321030089392
0.510533756712172604,183.793567696276170409,0.651126868719583474
0.546972335974146406,203.881091535899571454,0.691237955683507321
0.577134388466537418,162.811503366497078105,0.570323291416060529
0.407313616955055302,38.563655774517712871,0.731073358193137457
0.188060069409147074,139.444125028050450510,0.621794888045599237
0.127757749600250020,109.281022699932805153,0.931586337230124850
0.021248031973564036,85.837581458954929303,0.884752641789565031
0.563202544218323164,61.122100755218887969,0.531726376875643059
0.557794246239242342,135.540284364416066865,0.557656905800745673
0.802421199512306282,149.693962244013874852,0.973257435225227230
0.424596569421727410,75.608234662405450877,0.966764999501598887
0.502092008350916053,139.358978036743877738,0.538676766934795048
0.076784885283238111,47.489797105282541168,0.952829491047676447
0.604852296372923259,145.488798622424411633,0.978058729562584772
0.730985862975833900,174.632106190067105445,0.802440586668705436
0.448318954808525849,104.886659106909917227,0.585465935394081316
0.196806376880088979,169.699425484800315189,0.778300286456464208
0.694917864229208204,140.568694614525725228,0.912750236415263982
0.481414338062642111,177.072790853662155541,0.531586676347987397
0.595851002609033897,165.877891237125538737,0.950830007524174903
0.545146430426464823,152.831878072563398518,0.652381037527244079
0.747571506573758926,134.254077219946140076,0.931376112580666660
0.564958127018252432,102.519938197754569842,0.698692551266229089
0.620585123985025855,86.846614064541029165,0.573241265260661215
0.543747236701896952,59.187656121522287833,0.519082730293610073
0.539280988181719101,99.735277734302414387,0.724343191129832475
0.335614610779872646,139.513001417851370434,0.924904978803500866
0.569025073353624622,52.124642509217814279,0.559997054468977962
0.688216392916008557,147.217116433439940693,0.856363426320730481
0.705899678457660329,43.654920836800357620,0.591018281269200307
0.613418240809837756,140.970034012146726354,0.661168843359452474
0.464832461180311241,172.865964808884740478,0.832361753896936785
0.636799630607667200,112.783116431541316160,0.970668083165013962
0.364808738139313637,95.753450144368542851,0.940558855026806806
0.528199891555780399,129.056619724544219707,0.835902581764148556
0.577436910761813360,125.154429382009283245,0.676152968216656380
0.660692221215549269,134.016226300729869081,0.951956198718871049
0.658361313294048123,125.310926338265147706,0.632826403862537634
0.512324400601946728,168.209866041145090776,0.563662650015887001
0.570269237309192545,155.201869715125269522,0.684260470207330718
0.136858422111945321,53.374428889496947193,0.933890105259637671
0.576048214996613739,158.177993720861053362,0.523750956318794647
0.368192850120814485,162.449310344158817543,0.547600193397941304
0.818284279779606494,38.126021156692196712,0.610670631590954360
0.401318726859405173,122.449968799712749501,0.602527221889556652
0.225266568019201696,16.412783706310715814,0.593883875301653319
0.442173746667897272,158.060684729047835617,0.721203521542442605
0.581944496275528578,153.121383486627735238,0.558407246906438948
0.821211596974992686,120.503949338075912578,0.834540241084205547
0.124838496956754585,136.396869068815931314,0.960265334848176333
0.547220580007703350,132.668900340923073600,0.801139839279690236
0.542093174094515518,166.007686816138260610,0.601146979220627542
0.568332370995541680,66.990933280228674107,0.534593524383777052
0.466914765124731901,181.498409400030396910,0.555780244415098212
0.430145413021402967,146.973370748292808230,0.520946828274362450
0.678579135602212391,48.087291413823663788,0.831155918621386158
0.567395147202552796,121.427509722079534527,0.785049741920947897
0.459536897370429409,141.633227989368862154,0.526968668220112235
0.871946148966757373,95.442351499797766223,0.875984068808815852
0.611373294490331398,95.759410329165987719,0.940200311465625216
0.299996496975993177,91.807064864995496123,0.944154079428244808
0.673139452896848400,75.646283509933581968,0.817252628300533579
0.441607549250703169,157.808198932231249501,0.797989066966876326
0.246131705485927110,185.472091769396797645,0.938886396742245499
0.612615053538546284,107.447187966367138756,0.705723612028740011
0.536002586980522722,187.274156563802307573,0.919831165042723997
0.425435356669791154,197.496062049911046188,0.721919046696257061
0.549280172213014728,205.366703790382587158,0.571814068317691215
0.386879375744096254,17.516090029625821956,0.589759893395970125
0.755011222510691304,94.856787980295351304,0.946827970927917595
0.656639549929290745,71.179241737734130879,0.558015424128349147
0.561377220195603654,113.589099445834506241,0.731334630436119348
0.331192512882073631,157.400734846859734262,0.918634702994472696
0.806195111216036264,140.889763337985698399,0.874299965245628363
0.390888471433248785,143.901826499127338366,0.527190981416095106
0.485855751277479875,156.364903875819436507,0.561243507248919249
0.519251431273817343,198.104018628706342042,0.524509343990017141
0.488759344093911252,205.962660379139606448,0.581867692065589415
0.639667549371780275,144.340284213359041132,0.658646209173403552
0.292020283867363006,181.506896926152961669,0.528345341472891916
0.734515028266206738,99.031281482746010170,0.891284560899357037
0.486995106113626619,211.690801677198265907,0.567490377658421918
0.305712299470479232,33.416483169308762058,0.880891432369967586
0.510222530357317572,141.389816121162766649,0.539112267841703074
0.722617563566409493,140.226677909668836719,0.782967383389048699
0.425343191792095177,154.963780884753191458,0.973332621776057616
0.447334377031154362,192.388380059015560164,0.521496840658856486
0.585721438895294710,48.669744117837659303,0.720961978670819681
0.532243940413445915,169.833163851177062043,0.663640965056509713
0.093851113175015405,118.679178362538820579,0.525841595398791051
0.482746412788809975,154.312157923582219610,0.784621027405193683
0.771900991565779626,57.477235834926950986,0.621647284821988166
0.545143188780498278,137.367073854803891209,0.963628340689287599
0.670718394539295715,163.066534127089738604,0.954470308049498728
0.453904777618177602,206.029349476133148755,0.649263801881288294
0.529743026526426020,160.165004398381739747,0.525522455666097454
0.498443916141286358,201.189840339319516715,0.563483061532428553
0.783582730164211871,53.168360196127629536,0.751071542098030509
0.687897896546784682,87.711722346718644872,0.938719109195169210
0.683167990443052875,187.117990240172588301,0.772497987055876578
0.386809714954102823,195.297220120112910990,0.676718833034643086
0.355358498063543027,133.677018033738050917,0.828792650332495273
0.200967841048896229,171.526425092527148308,0.890190494509477404
0.600304662688090906,87.663565430941034151,0.966753848210965994
0.606041297272969293,158.669334567980627071,0.838891760735865910
0.515949515688033378,94.438939748226047755,0.548033660302383763
0.407271794000786502,104.125823832642936395,0.619806680003507027
0.445367549202443425,188.832651734533584431,0.548953589414927556
0.546640730584066148,188.027389316864116608,0.628841357885712271
0.276426264760474549,131.010467371597172814,0.930231577970027423
0.252498600146335905,122.721073013997497014,0.532425975321650369
0.005367338745024925,167.486227140162952765,0.920070092880302837
0.568670521914640070,127.443603371372404354,0.935465686429700294
0.419943140175701557,164.253061008306474378,0.554343899419658670
0.732993474938983924,84.627126662849534000,0.541432943367888497
0.704434215224523430,130.145483775432296625,0.879873728419705792
0.324727873514187082,163.659342937452208844,0.606178930310998121
0.545740153545628659,189.827752403131370329,0.623924835938891031
0.203919775208220161,34.293866624785195540,0.588519518298321276
0.460375584199164356,153.835074400395399152,0.837920787585436977
0.759243469953806205,130.757686731508471212,0.977554803683727269
0.556775774789062705,57.527556633381664142,0.921831574835277001
0.657669385605338275,162.876085195421126173,0.628937048444770275
0.663471085938831528,120.998497386299348477,0.860845942900882122
0.720930760627460865,158.458178278932450667,0.841536189782633670
0.016484287841318026,88.591834414711854606,0.901634172127559586
0.410707206498319044,155.706963843614175858,0.957027583399707726
0.551323775848479469,178.524024751155138802,0.606583901505909573
0.498214921799991273,49.109264427463990899,0.773152208056075096
0.370850666225975345,168.336115092774321056,0.539980539989292629
0.485879247847680829,180.677529169175301149,0.554465396541699906
0.509337074709196647,131.890082355494143940,0.582757934412394762
0.841967316979338909,79.807609541070434034,0.832290504964001809
0.568894059786524742,168.081993614904888545,0.766190357890133678
0.514915129396362747,158.270485127125425606,0.947320036956021294
0.468954610363285007,141.534005462780726248,0.883929100332915940
0.523886570572202004,138.068950679172843365,0.786543594340704533
0.643639836175229907,44.610212345228049458,0.552341339077776716
0.037933364795136947,13.183463710877461494,0.739679031255353836
0.439480426776697963,180.105699537704680324,0.549172818945326546
0.596616662339358617,75.212691285539207797,0.958287000680867251
0.503616271166023588,158.829460234876336244,0.744416319220390643
0.671680309011074894,103.125706322684422389,0.687486682448048225
0.859638302420460909,122.662843904539670348,0.950955444156007634
0.384074826499612332,74.456848003207099396,0.528895316885044431
0.730149781487578919,145.326392838124064610,0.789118609454996900
0.743585463960534709,112.864257258844105536,0.969127973750671501
0.639434160883552205,162.688405499696472134,0.923271359164827943
0.508717478551148239,59.239642360556679535,0.727751346250287812
0.856386350696962007,134.608049892741689746,0.879016195001492306
0.418471442830123275,220.114056420275176151,0.545265863141259688
0.376422617067151799,24.461604465831133126,0.604775361007990564
0.009272528319429504,179.118577552656859098,0.937966623192161508
0.519076271464277594,139.526807959656167668,0.964679927078808230
0.641724018277111119,87.025141224017176000,0.893430314470402109
0.461101081989347850,147.358615263667616091,0.612504720114021461
0.731304477502886296,85.700967092094771260,0.602325933903919974
0.796392645640656482,101.402724587453022309,0.725070747657846404
0.675124254912278787,140.519179951885007540,0.810393463410397641
0.604477800311228775,131.133562827964397002,0.568565141307881605
0.498519330203912703,144.979438060533169619,0.908650427232371882
0.536405354154749658,150.736413407552021226,0.809736780796863620
0.513490123044570090,95.696322878570015291,0.736133364392940304
0.560052244309060754,72.056678201901235070,0.723574775227376787
0.142583652134245314,66.059029369197247661,0.596405651360246702
0.505251913933552621,196.428284137953255595,0.585860031236917989
0.511682262436899182,183.416888375678439616,0.711181218325012798
0.462405627646792439,164.932282781357088197,0.691577733222333846
0.675772684154634873,115.761667543898880695,0.552496664503065338
0.639799809283916443,143.526241238793033972,0.694998553002453390
0.549804116626288253,112.079964544624075984,0.567494326230878032
0.862305103480525914,81.924547208455976488,0.599601198312384565
0.461103926456186586,144.711605658517811435,0.540023826515728556
0.673994525226119578,163.048230221631087034,0.933904941037478675
0.821323303282136097,121.154092680961824158,0.955677222929907311
0.397016412469601176,102.238299962019851819,0.627866916712732315
0.765743620625625510,144.964684917013897802,0.951534647995675664
0.585231436326781984,138.959078900685881308,0.864696795536478269
0.607383146338786428,196.561600605020572630,0.737704653413727929
0.741863442610576684,132.117622187533925171,0.933754574592954079
0.521325309510662249,148.148921021710634705,0.629520897934587875
0.382089279005873417,71.258524050517166870,0.966396535445121385
0.271364895749256430,56.246011654153235781,0.530133267176586598
0.175427788918752547,159.462005642197368616,0.729231399152081572
0.590035419638826109,203.103768112454076800,0.718188001285512190
0.504821522499789621,98.209435836536769671,0.950226498599301639
0.595602026531608986,133.929995873817119900,0.522815140930239175
0.511997500864174837,174.339938142763287487,0.814644760726260575
0.470050674143479674,143.843498549863625158,0.554851250470863366
0.067073140058227856,19.316477329807906216,0.707059122041944876
0.309654999516516760,145.192726251127879777,0.678379821603605437
0.477653319710491020,125.288022293451533073,0.621446348702723084
0.495736803668837989,178.682012883772841860,0.602488540881835344
0.004673123415203929,181.068636390740152819,0.935356771366099737
0.388995011247573685,87.040687035897391866,0.683567592730698892
0.722195282787846504,51.133457673741112615,0.948410827242526455
0.345232795455335528,224.519706373109642072,0.522241925321372813
0.551747970570841795,177.754286389043670624,0.609179541678604330
0.468389113904925158,133.902069903273769569,0.546560288336107702
0.445328215265520133,59.057250724196556746,0.523559166499790285
0.406739505479663033,153.120277188974114324,0.527200948704390049
0.576753317829074130,96.205576012122293150,0.909540917467665633
0.552444480071865973,167.909751215825082227,0.595864710128951036
0.108450896517620507,189.982714882917406385,0.949249304921457315
0.577109670657359297,118.374764430382285241,0.898303820290419885
0.408367267722555216,145.929863854708372628,0.941010634781117128
0.580971455659236358,139.601828691634921142,0.921820491467037373
0.193023726673218016,199.091475052314365257,0.933055817071143601
0.000121294165636758,33.664954233763907610,0.941980764292765560
0.761693305477548210,140.908191349395934822,0.972271722040609854
0.608089950602759832,190.672583460888773743,0.814790868648858302
0.571666482414597832,158.072655818199223177,0.533242450998026696
0.590538456358215003,162.514613785897353182,0.652246869356760683
0.477444296473890251,116.696212317731735197,0.675014651304143953
0.456056471613316139,165.960688199237523577,0.856039424494631884
0.435878092238397685,129.734176167433957971,0.575919475870944497
0.670635933306928833,162.017672026544744313,0.587939126244666377
0.878466444404866875,100.955567250865811957,0.834331839339953252
0.733955174689727818,189.630643745972065517,0.883719499594145530
0.456348890468085855,85.861277780611160892,0.640708749103380604
0.432896057853878857,139.857545438571605700,0.529092884683851850
0.755091116765498449,69.794731686609509325,0.926608647101271776
0.010186607483316856,77.113019995518854444,0.964774427817016722
0.809039395073965606,138.868645724492381532,0.963655338153007301
0.496564217802760111,117.279557189606478573,0.783417375265218041
0.320204384619373561,152.886102214270295008,0.583881830270607693
0.502375452368111541,112.173572531282516707,0.894617593098605113
0.344898764182924589,202.051815709583451053,0.638991378790868758
0.572199191914400829,164.681916331261419373,0.520427721201680682
0.500750698178739406,178.737034211002622897,0.803091086395488762
0.509427175333202586,181.140207983256374291,0.676497976136248513
0.613091101934765570,170.259132827338902416,0.574508348027400029
0.296720278935500792,152.711193469296375724,0.807549060313828337
0.747505663322369784,153.145106420871854880,0.939418832043729335
0.602416780065434310,49.725687300932214896,0.879242431611698350
0.273569066536282435,171.560387802725813344,0.741234259195100331
0.601305597431237238,190.952338872328851949,0.534129040723136383
0.822887162642867986,148.463777584547329980,0.939784535204715721
0.707662442047084617,67.193919757501817003,0.863709061046442850
0.700481541352389270,123.097718848390201174,0.722077963754662377
0.533291036235455818,168.001611600159549198,0.674045118817065081
0.177237507178977127,109.471939195262763178,0.864099004539916171
0.502597413357104839,182.780940651129725438,0.862668981028366422
0.326799815262562132,122.337838352334244973,0.866163015178034290
0.621242954588871688,166.458578236735377232,0.528628118348843268
0.335939436290357052,178.513681279024609694,0.926381061527853933
0.689248893433165755,96.136842862898291173,0.965732899454793348
0.137172297753881955,14.739293896032016562,0.566878831595706734
0.667050089711455074,118.029252305422375002,0.958753785071956965
0.525230507714072870,103.149152576871912856,0.583826911058676123
0.436452929411190349,133.561943985668790447,0.882675716124118548
0.607713682882927708,182.370479271226315632,0.751530076420074189
0.097178187106417499,39.101214624685432852,0.947859512815557914
0.585605210726575232,156.047560194587362048,0.550726357531928334
0.199749543657795625,28.825447468341032220,0.866559934081447159
0.031786638354580544,106.827503961710235103,0.899752901836715635
0.398207475745771700,46.696715262089128373,0.823891328656015443
0.557224726135893467,88.400742189013371330,0.630428273762393299
0.434537663751773329,46.638889901204350963,0.964409231815144374
0.371886206470741942,91.954197186560762134,0.838094082072170510
0.460266188582624802,165.294537666196220016,0.702117963572497450
0.076138909021123233,177.022092239149031911,0.951339367891245846
0.576877778499674587,151.040078671066652305,0.515189730821835390
0.488526057599659225,164.799226951249437434,0.545081713705030890
0.467393190147224025,172.639212765500190017,0.521605172460780531
0.540700961136286073,155.431630391326308427,0.784310418153623234
0.568175596453946219,128.371157853306669949,0.956320555911935877
0.552832779698129606,122.745280672232766506,0.668432744818771685
0.329975734874042526,37.258000365252165409,0.546233752410809736
0.112595427549167890,97.734860237990375254,0.539146435108490696
0.411763273633906746,163.097075332446252105,0.540574270936856394
0.371992818381210177,182.846710499005013162,0.531902891975165382
0.631479589310975586,49.192219524224483962,0.599413029919927509
0.571235165345429841,183.884013208466683409,0.520829978578427832
0.317326672217439543,22.525763382591382111,0.674582602549546051
0.658775859837414823,125.756571492113224053,0.793625635820369046
0.524988848260782515,198.115696987234656490,0.841290427470030577
0.629790035179541130,127.958894622857272338,0.840329469546861940
0.507372823962232156,162.060350394356163406,0.909345481488138763
0.427696493771543118,159.504895028796653378,0.673770047322023280
0.592788580426263145,163.920032028814489422,0.728516840115236985
0.435626664604999492,192.003409600019466552,0.822046850068362200
0.624831357097987761,156.825064184035880999,0.701726287928473802
0.012003100167214479,25.566471134530747378,0.954138752744752905
0.167500844724318892,13.493197281969749213,0.559076056135024868
0.173796014950010347,51.994989295992866118,0.908527586073392235
0.195944267605562217,35.286083856895871236,0.829597203331713828
0.546659873946087393,145.631642527594948433,0.687681958080002431
0.675990515907530787,147.492011094170237584,0.932375476226666056
0.566060458363308538,112.708480495827487289,0.532437210160721763
0.525479486973433829,70.362384895445231336,0.673106062112871828
0.386661326121467197,119.797569183856722930,0.544703554821131974
0.536160772678371034,136.928911255556840842,0.830004641624073947
0.479469186522118396,172.129039291652986776,0.568375238293987617
0.518203303439307317,153.315475730438834034,0.811897788460301362
0.358097990014388801,155.287746218463382775,0.630820437769147202
0.346218968834376473,191.373268147003528838,0.549800491384635159
0.827382691169792239,107.547665677198139633,0.870785369352893746
0.397119307810612443,139.323000798964983460,0.946488434564730197
0.597001684028507507,91.758816421590182699,0.831760042530432675
0.666473764559303405,170.206147718020588400,0.647452277822523348
0.281143694357858243,190.444362462739320563,0.570524607902008429
0.312608644906529232,33.948650466265746672,0.879283269634488551
0.635615567163730910,130.202453018697042353,0.714797003799383712
0.596692336535305512,42.019789913855703389,0.693758810154104455
0.656060796407924807,137.001925518645350621,0.932323655460340461
0.046370634387402271,41.679842693541203857,0.928709668848082259
0.634562282793374344,111.226404964529052677,0.524476218832428676
0.481737219416987106,140.063476720294772804,0.920702521763585469
0.698895057791186103,139.658710240166868743,0.947846929138915217
0.213072798363039995,174.391628471294836800,0.933572792703382115
0.626373747420389648,155.256377460007854552,0.803928936820414552
0.440364515574451720,37.782469044918109091,0.728628410474572386
0.788114493842269948,89.192909925087093370,0.804241180163588809
0.229406843988001152,67.847382293157735944,0.905427113233350012
0.638816912176946139,163.737751063586699729,0.913072023143931433
0.582759336213005019,110.809728373991333683,0.878653691405183568
0.407284320433038693,193.488487450851977201,0.621329297609861442
0.605469278160704727,206.127561563006111101,0.840149985677389299
0.530310928516487312,98.505732912690177727,0.548653438962084405
0.732896591959396493,106.424473634321429927,0.530456592647849390
0.778052240624400038,122.656915316159114582,0.950720190995797632
0.635199396574073649,96.715148191766374453,0.970242281706745313
0.526546698887193854,142.783193042590141886,0.936299388776489883
0.704567256369138639,186.704646567602623008,0.930810097217062093
0.121110101054674596,46.133569733150501690,0.734716881603374783
0.014381403261408373,92.333865792615895884,0.919421695780479498
0.481803757376259800,184.670676888422775619,0.554299570400436981
0.682228618248919672,93.882222774459108905,0.958306438847775999
0.614766207189722746,99.134607397075612312,0.913425994486260162
0.623150447985449385,77.921313602063733583,0.827737839322628455
0.502188348340478541,142.637820483094401425,0.609651378903146357
0.856001134683268550,135.819875322341403034,0.977298518689024620
0.628034739990294799,95.074889104091084846,0.573871763860901440
0.425492813092385735,150.046045840466092613,0.903383859429994551
0.582954455079553568,146.001610118197135080,0.794159368506776819
0.441505659420568464,103.789224351643241562,0.959610128129522844
0.547036612295476732,91.137365866566511841,0.802897026460604235
0.401513894470321431,155.553799339255931500,0.686382959054247288
0.512651593536307737,166.080837949555103705,0.573556021745810773
0.314114372083691418,160.934161936181112651,0.531683048381450973
0.871359051739780011,85.770857226521215466,0.569970467532204816
0.016263186706067721,47.848636158694787923,0.670112228271937727
0.462657764453061671,134.104108285881807205,0.851173265243211352
0.543388374967063825,138.120059993036591095,0.523620613202315566
0.735956311591449919,103.852365595571839663,0.946906645631182320
0.497698002094583591,139.378101064740064885,0.582912558372693512
0.007603805850722132,24.995401905409011079,0.639271754755962762
0.701998282484006308,123.877749595148827666,0.963789980589262463
0.632740995868110279,123.113806954554561912,0.775182767513349580
0.783445086825696024,173.029259826804150180,0.951957642024623851
0.003341965557374660,62.361322403224725974,0.944034703481046900
0.422873818442428384,152.544000320039287999,0.772251293536539651
0.450445721647177333,188.562003753171239850,0.611113670314321511
0.432108608691174845,172.320770614741377358,0.534198756992900647
0.251508155893224117,75.298227946159286716,0.920451759260794811
0.508666894679179915,68.412101602404050027,0.931238669434432120
0.475257019627360056,123.572587970847166616,0.587529842221275023
0.630300690054595103,94.361143532516877031,0.611557843562091086
0.676514440587427823,103.784376798940272124,0.889509678757401390
0.511193041176920659,121.701387138120850295,0.555397783010939783
0.519082781586356456,134.367857313045703904,0.920264487559323774
0.659227665508668847,124.814185276393985191,0.943117749446286346
0.386647002977654419,112.200050400057421029,0.803860473387501218
0.007638401377514441,33.239569958526608673,0.825232300653246487
0.567696955543510517,67.107970393352189831,0.956493808850948701
0.490913572374658991,210.762472120281955767,0.835381257428888579
0.545547185269169455,188.237010705155967116,0.565854325993112806
0.046166002690708453,55.862456057242702911,0.896945923260942246
0.697150823985941637,57.446294518303929522,0.577414789932122030
0.434801743284267350,167.566792575123372444,0.525915372083416210
0.462617893697198135,202.407338655684725381,0.545881376561122678
0.553610871833605023,181.001512400084436649,0.837618949757036435
0.440350704071618915,138.070758189920240966,0.571363848463501967
0.497245132239772514,61.615519063603613859,0.573884697284498424
0.553360655533129742,143.699785105510841277,0.724523005431770173
0.026637292601227745,58.716822384665682932,0.960475374891116118
0.799942823849375539,116.423561194645685646,0.681331723852869331
0.771232283589139200,139.838082259230418458,0.802447892422796460
0.719406030435040700,101.424485970988371264,0.899103074108712597
0.743655079697748245,135.577963264513698505,0.904246272654593009
0.561100758136833910,151.129297160180442461,0.779152015608291393
0.326202187288025802,198.074385985104242991,0.562409854528411079
0.534220439976527683,86.943807022235176873,0.838357778158285605
0.798686907618616382,136.919505718131432559,0.970042193509260353
0.563220692939648160,126.747399039328655590,0.969684202855739752
0.037088375174796809,46.274776063197236908,0.940727979814346194
0.631230345206300836,206.085607013368047546,0.835491569153361313
0.547025403951119205,143.352727464090122567,0.793969512870330796
0.262333262301496006,64.064376516808295037,0.670869182903637729
0.482206187042788614,170.907560208073476815,0.525915357373481829
0.527814176244088551,103.521055633192560208,0.524556480970486461
0.533512831233523444,150.463604915254990146,0.872443528961505010
0.438863640881630879,155.944468877838261278,0.630385022837683162
0.452682990420167242,195.832764929530753761,0.588248637112354866
0.491471855047669437,182.289831762309376018,0.757899341265966919
0.502267698660084250,188.099897279832049435,0.642995178804866119
0.826980598588886062,126.858404808184133117,0.977276240343424640
0.609940471621036262,157.748330085906758313,0.713321034417106925
0.656539124653758632,100.628821838768217845,0.627308208931602662
0.684412204265292146,179.652005289911784303,0.591281679706368801
0.444393243682840278,43.179191413243252384,0.534236637287334615
0.535579756318317557,159.947358599454560135,0.845863444263205588
0.523608741371771158,167.592335426191198167,0.573936402729939288
0.529403438816314575,102.626774965435174636,0.563703475866736525
0.705471849844137355,141.077265574268324144,0.874498136443249918
0.675741627483219864,106.606521180614365107,0.758169926003982364
0.568829167656005885,184.363794832256786549,0.797675369099632103
0.353777001414559589,204.863274849337699379,0.604030834391657390
0.631974515143836957,153.060750158838288826,0.815303426894616212
0.648359641084908067,145.107045995013521633,0.544332946667436701
0.591666591807967657,123.312586905908062818,0.885168615487961441
0.042885310341704182,166.946205314738733705,0.805865742826232023
0.394241048153866736,159.779986171608896939,0.537100956745619196
0.501441031361365974,160.995990185793772298,0.700286144293957191
0.484870331312561353,122.081848549382371516,0.974835835215400626
0.561302537790835054,136.537856603654830678,0.801450183404754712
0.590161237372838765,94.799456673488336378,0.858271450378804035
0.437638114061844552,167.277894696789815043,0.541796890697123779
0.620389191102791338,105.135452414274482180,0.946403202359593410
0.502685267167510053,205.147667539127411374,0.544620786624545494
0.332473440046484492,105.212257976701806683,0.791892983106110782
0.006625042649694842,32.668712894184515960,0.905610479096701226
0.653457202975851525,134.046954083420018833,0.909947643891489077
0.564957012999307895,160.428556554162469183,0.709967691028538850
0.586573124155240988,142.156312528537853268,0.923283820532108002
0.445046517726433888,81.900019939906627542,0.850917915693166216
0.266816078764955111,110.219385657644906473,0.863285017825963008
0.721701693701491509,173.235081337759822873,0.964490085299823496
0.569223377002611608,175.268969916724131508,0.624701354097444428
0.596460485857605249,166.859432392859588390,0.705434626852124769
0.102594680428969701,66.195070712385884804,0.542394561234843198
0.476644059707687029,136.894888732394633735,0.524848889325593038
0.359407631748107526,171.981652314178120378,0.537953209076839856
