0.474689728914610143,117.136194380079430744,0.545575097487166039
0.630192927213158560,163.154826972423990128,0.900747536077402877
0.548908630115953478,201.817028577280439094,0.821127940750859597
0.121878264394230607,164.577079360896448179,0.814050194246820347
0.327968737408058264,125.102877503220668132,0.776267652743097725
0.981388820199497358,77.340212267038111804,0.824989997343772319
0.544357248530770721,161.165950654509941842,0.858955377111757401
0.276268971816717668,120.830837269777376264,0.513842390409251726
0.448611699161242494,82.208943820462778262,0.881470207219574586
0.676571765042379814,104.433771917585545452,0.701974440861786397
0.917958592307509536,199.881180109079764406,0.633918359794617081
0.476822671869515213,182.111847965295879703,0.910195480589758299
0.383421766770906780,198.657782854991609156,0.573841174462589310
0.218855585167223726,202.247868462903397813,0.504036587020303406
0.114793532267424947,174.478929214362494804,0.696966417902330493
0.279268221132010663,126.051395621692506666,0.831287830307050779
0.198853590269016278,188.095987554473083492,0.765747624966909957
0.902489033399018981,193.459053090109819095,0.771377672903974854
0.101178360388673283,89.064892586196194202,0.674176698569679989
0.030447287870100405,26.854590732548526688,0.873935616579940566
0.432499116874342227,79.889001309665459871,0.530112323118269391
0.668055175207436291,35.727711857428609221,0.645077742756105854
0.350403819452647314,130.105992604540574575,0.872686913165994893
0.100538349068270430,240.291263358882304146,0.507664537692073869
0.396492839299932565,210.173918847275558619,0.803343086486794977
0.902284378961456079,135.879685731543133898,0.935563939433964542
0.186803481123104742,104.767636717064263507,0.782804075422057322
0.446051052363528822,114.530010309808758961,0.703818018844388438
0.579117063388601805,87.367481799133003051,0.979516771631193106
0.662826095820508998,117.171210274271416552,0.921967876736896841
0.337754450004777551,143.249759597493294905,0.663662280652050907
0.877840786495193703,130.422487608679887217,0.516360688356272357
0.610239546165939006,154.733788910092243896,0.830828539907594976
0.193017459396876673,200.450701777219990163,0.749042883714690966
0.756641277912977084,90.998651306129062277,0.728495617560491526
0.571425664267352085,199.926326093062868949,0.694757395204857575
0.078260227406031807,29.375630462903782103,0.694009403285471116
0.848313102014871312,136.308918990048056230,0.640275828195166818
0.177426714217089304,163.317544555472039747,0.599818791240195770
0.253416810029888195,63.874169089249754450,0.719644883050168160
0.874021399632385898,178.917481231197683655,0.965480953051999213
0.112844586789741186,119.818651959725258394,0.908186313913174503
0.635884828262353707,70.927650945421234496,0.894692302259635919
0.498711819926115241,166.428824530681993110,0.697993392403513990
0.732002886342274728,183.799114992034844818,0.849079397916910672
0.784980325139438939,176.231861027774698414,0.658321816771946566
0.351905175718600416,112.738521722817750970,0.988654973760972555
0.938509815987801588,92.949297060001669024,0.925234617893966993
0.903528985164607334,50.902408699465908626,0.696221392122701177
0.224199314278425876,83.756232850579380056,0.851158923579032667
0.242933626442903866,89.418679939256008993,0.868866835995398379
0.607984671861094284,104.036841263753103703,0.524811703071943914
0.952421921226842327,84.261747913402430754,0.921787436469325039
0.778595451122757409,162.343930529199013790,0.943327161646939638
0.846032336607247970,85.547112609762223201,0.892465572526952133
0.270768752527993983,153.004873290318471390,0.917616048058423783
0.313414636323645801,124.251960809681079922,0.927025640049594424
0.860257061529822176,38.059939935003278322,0.877356825707215737
0.833116509505667624,204.377535924074265949,0.555832891730563050
0.399794530354491751,64.422401404860721641,0.620518668486341185
0.179037135641503031,93.572744536260572090,0.597229265203308324
0.438627413698800428,77.017610074418030308,0.702034636655736843
0.872327606898440355,187.104224128036861430,0.976411647489292545
0.624756923723083557,201.295364283053800136,0.853400911959477315
0.752900902876266986,39.751323349668687968,0.693098650207391809
0.078343738084152750,194.989647224204929898,0.695749249509637568
0.447942821675297698,159.438852751597437418,0.932089344971521849
0.833219080235483411,185.690771751904975417,0.901124174618977536
0.556328030812624053,176.170338491543532200,0.846949395962608542
0.145345542717724374,187.756525780802860481,0.792569485423341491
0.262835032543535851,101.317661221586689635,0.560941250607924657
0.678384926938406241,153.638719441718308190,0.568801904646646816
0.031261814603479869,119.464300805700361252,0.944830450925241871
0.569552337344178983,41.532426339619689770,0.708073197107210950
0.939626501474779441,111.582268998042522412,0.907954104241344151
0.704901871500577371,62.726995541606953566,0.534910652056261648
0.647629393710443479,207.783654011411471174,0.673990340872537841
0.936139912765765803,167.301966720320621107,0.856449508834596474
0.799983925474531898,188.940744329023118553,0.791117572963328186
0.539700945796552145,50.768621504079916917,0.590057000402702814
0.989694209203095143,130.824105105054854903,0.666815351008869461
0.567033572388413898,134.020344926803375074,0.571028836869453937
0.771581273617844898,97.464716671701069117,0.618668232131063367
0.539723222876873687,111.037434445572145592,0.938076049631144882
0.179757631270543533,97.478236627851131857,0.941461663226826451
0.682549051029134102,113.126870542744626391,0.728259638559584976
0.149218828713567397,53.559997383145102390,0.637745334751243731
0.252591943683396269,116.715508210165182845,0.662738543324388529
0.403302130556555449,34.187236405714855891,0.545141825278854908
0.659157946925079896,119.146809368694832187,0.873789086087083833
0.058200028081710660,164.133153896762678414,0.604916393615754888
0.586410364027897812,75.941730488741612248,0.547546143935774832
0.423099567307030577,212.877875654121424986,0.703766524114046943
0.426080447829001008,131.935521552337121420,0.565277204724095261
0.786826247367975351,43.042701303067950391,0.595639831855759305
0.868539088980120666,205.463440423482495589,0.820790119841495192
0.397394987820627987,129.730034232537462913,0.555444636383771728
0.292316779541366922,115.063270678635532818,0.841406893831141756
0.470667931556581209,117.247584512160017312,0.614117325259906033
0.331867474846113952,140.376430979631294349,0.897289636067465146
0.012052886700872192,38.218332927532877363,0.800335265726884071
0.010707882352490292,157.090890222459279357,0.526713624200953245
0.000463858543726539,131.312989988915603590,0.680616442580171510
0.589209619501766424,163.460333934401717215,0.949971358460296234
0.049254056419001470,192.560583126951087252,0.695492561263445608
0.683458029601426653,136.937873165524507613,0.624229351545211641
0.270925575509866845,196.082820658003669223,0.644537906271845484
0.507803467351849114,117.621892098813233929,0.970720467909999885
0.511843298763162924,168.059778542623405428,0.691590284870789551
0.875511199327016043,117.711380943339321448,0.816607921064371745
0.721998003073724415,111.430322620543009293,0.593245428205621761
0.729977665128827669,52.971764013413746852,0.797309943758817474
0.621252252066454069,37.757347589064060855,0.691480309094762657
0.324268344111160789,66.381679190550144654,0.749886418964182733
0.337507578493015492,100.716317401207533067,0.850299389329786881
0.336860720663039515,57.095798522896757277,0.676026476949824207
0.472437467633273656,62.981405948580068355,0.984472374111670323
0.104995381077733610,90.672509763324271148,0.599129573914224167
0.826260561170737207,217.276847973266086456,0.533800767495126838
0.047155954379473924,134.659845379004877941,0.917263206850885249
0.473233540730832014,189.650344187775004912,0.518539768880561192
0.402721788877350662,122.515794756810052490,0.774878404340204052
0.762105489154024207,51.075879648101427222,0.767610119999677765
0.584376148621800984,27.830462153434222472,0.541279802562415813
0.218081043737496316,152.386860267845747785,0.984267737000249054
0.392417054442474045,51.629411512353065916,0.543038609313082343
0.293121837119631024,137.331524105209126674,0.945589578050319179
0.636578743522833834,202.559926171420272567,0.582939450223834199
0.177728080232499697,159.756550790495396086,0.605414574046211573
0.813951851454063346,73.519916155366573207,0.840259318504885000
0.330041645491544022,178.122561420593882531,0.854177446299833942
0.593118653698877840,181.814674858443623862,0.550531665815942151
0.579430220749678870,49.892911646268139236,0.814560473900080684
0.703104076401238176,188.541849564308336085,0.565144247873037187
0.137590319177850834,95.302504135588151257,0.736877628098090875
0.859453026226684624,193.537786964638030440,0.950384039640953859
0.386347637791258081,88.970986596090455123,0.784941241005602031
0.139954710591751019,195.124101756916701333,0.522646225427624289
0.672709421270352714,86.264707781276172227,0.998278191896905032
0.409432516199677465,194.624067816724164004,0.788122437183523150
0.760609926069191755,56.388646382512568778,0.682561151014101086
0.821722708025882209,201.172825418163370159,0.659338346435078049
0.843023113818662129,186.767886960603732405,0.887020673141952321
0.432774374906929882,82.854066732059976630,0.575507530627761943
0.427393887512710291,175.397293577861603353,0.503600405457683697
0.886258877655517918,191.148220798177362667,0.799690531423751350
0.777575336111245408,198.455725742530944444,0.791421645063882462
0.326181247551391273,152.491047016167840411,0.723737814189292727
0.117101408793385459,212.909316634447236538,0.798832022624768046
0.665876959815711045,209.953644034427668430,0.936747171664355172
0.819206063325502276,125.835491296032728314,0.841345989860617149
0.275750904325451685,33.039320797771473792,0.574102599250554402
0.387991175311023229,90.306684365092550593,0.709017019861861497
0.893425982226880189,63.582012272489691895,0.917311928414986433
0.303831461485062793,100.154962480781208001,0.531526569384642711
0.392143944743703177,186.071908562929479558,0.645789159037668759
0.200341945897763607,55.697911061353835294,0.552639704226691952
0.691198268992581744,35.292782034435212779,0.879546823944436618
0.274532508670413566,97.747533014916683669,0.987396655312138272
0.214093299046286212,208.381817705604163393,0.891205279880328383
0.417830865749422520,38.038561274060192829,0.732140598476288096
0.053153573906372695,217.468008570804272495,0.620469036995439649
0.238325292132215455,181.567946525253859136,0.921745565202780837
0.890612026454609795,178.981853424307360001,0.906609383184483364
0.301949876628412217,138.762576354758920161,0.980491674168284200
0.356321049777624355,205.761936353851638160,0.512913219981700141
0.515422597186132592,52.333815609722229567,0.755120819495531892
0.631007938735501206,32.582531883392327643,0.891353229026320193
0.036603337620364704,57.166905877366069433,0.828662630296968850
0.657771589231008424,219.364792987441916239,0.781991185259565458
0.546093697884418861,95.496841676941940591,0.901167316581578448
0.573184561696953088,145.265701925203643441,0.537179108693454754
0.619603978340906414,114.505248426311538879,0.650868521647018916
0.567643585233517656,47.412222006298520682,0.709900445473985786
0.840839502322502486,167.593903052733423920,0.589197177457652099
0.473307658332994763,111.525681512106743298,0.994509712845683014
0.619736442034560131,35.663536952729714358,0.833567512452908721
0.328013104591525440,109.890700964301103681,0.762018039593630903
0.402162691787821880,224.062770761790346796,0.643364542575357801
0.970040752860244049,72.728090725535011529,0.708504352421938099
0.214677780462482648,164.429655954198182144,0.540458434831383117
0.414052957097033325,191.466897819133464509,0.738317869765320434
0.421150564617469580,45.322977589824510858,0.717060839380567638
0.673467073722709642,122.834308649506112943,0.951110012123451254
0.526989139967986686,49.568947557339534171,0.870398064410913719
0.869150425703106189,92.283595326295227323,0.531001143248078677
0.426323738045811140,52.282883311783656666,0.543343060942339418
0.695352033744030096,187.002430581275291388,0.544945303683309068
0.925080458732904676,182.225971116025164065,0.978463179773432001
0.288586793615948745,55.726652509079080744,0.506132520436037514
0.516134065647848139,208.007056345306637013,0.716235170695740275
0.082382892349376513,129.587620720455134915,0.512997854583771673
0.108891252660568885,105.432076033718388430,0.717036376711148060
0.094739856813728499,202.851225938626953393,0.606843275225083412
0.561102259551981786,53.369863187817806249,0.718054742706872751
0.588421180627872631,188.468385952364485547,0.819798108333380626
0.175872985490064693,36.867375687809513352,0.871278260318989806
0.159042985827254152,208.493230483788323681,0.760335401805472211
0.599267128355931433,193.944117582314390802,0.563043183754727172
0.500480895985201069,68.783704688298684005,0.825358224386170347
0.138386914546675621,217.705471375231866205,0.951760039548775305
0.724886905225041511,119.550208138595138507,0.967337870796641575
0.876685041763288209,66.193597179962566202,0.549107093598111273
0.408227984039893188,93.658825498822693589,0.984614115651797794
0.556205854817197864,191.529156901735944984,0.838522460154371929
0.778435301340124619,128.136019208730829178,0.943624972454198074
0.226131407873308876,122.952156213668544638,0.596956389069786764
0.445735715509486041,90.409368117643055029,0.617807780297120246
0.393885397199318310,147.003244419813313471,0.831489572184534342
0.325303909839406713,51.507685049442713421,0.867294285408727994
0.368025972703543147,52.781930409531561565,0.764984540526971735
0.913751810052874203,124.300329872661322383,0.991459018576764439
0.721086404610415621,196.091912186514832683,0.796525597389771467
0.347099209854062229,116.991770693120457736,0.841924120719484970
0.947293681421266798,79.363516421833907089,0.645887373390319208
0.449957456848842030,171.891040736990476034,0.947098741044960279
0.242210683760596734,139.728960782416862685,0.902947963681772103
0.137960859554737497,201.932808061936754029,0.806498876099398299
0.367420265080330377,219.216413145169980226,0.513809436361280292
0.729796030856885714,219.348081728963819614,0.796627020899708715
0.866764782283961255,220.493872791005713907,0.774603243805436659
0.662848503539093636,134.216033967692908391,0.821670312469058306
0.285497374558643935,166.605264839058378357,0.552421106303730980
0.477628957672208365,37.616806200708026608,0.846488972963891362
0.569885245557211761,94.236571482300433900,0.753175245492459844
0.730504121094033509,117.846075858582025830,0.961944272379148035
0.269531153379262589,187.040769518802392213,0.898033328584070034
0.430488260139730017,218.255509347045347113,0.801403540651393742
0.122305908850704914,150.669853692285812485,0.816723869254471158
0.959018540607993630,115.154749241437684759,0.942272475845733259
0.622043380645484478,48.064784327710796674,0.880415456973466792
0.621050623537993896,146.513358924419861751,0.956563821890805910
0.790178703293949014,186.647982116856553603,0.847579754348431802
0.509405500045623572,226.620533767375604839,0.741393873007197612
0.823299574433590808,216.565447985291825717,0.761753378987463758
0.449194593126388708,93.011631574055257943,0.639890157739681831
0.637212338152373658,176.329070451629320360,0.986669673106335909
0.010755299769415378,26.717991064247989641,0.601422576286706922
0.156285004317375714,92.309914543262436837,0.982686079971132331
0.326782023921586673,45.358151543061651978,0.592687617074863393
0.683863851927152488,38.314439224070078183,0.762471309735361258
0.555582119387280970,207.748779133696444887,0.856029943834554330
0.725254319441280604,98.377227179973260718,0.949644430310575771
0.135737404160912345,156.590660892036112273,0.832379886715137296
0.005354092567693773,91.199792620644103636,0.759746537853365322
0.817825054312340649,185.780058690727543080,0.935630757130396895
0.617608507337324197,66.382726153201758734,0.830676424327704721
0.044062329355094285,174.506511177233306853,0.867194028489654767
0.509280741419590455,51.065332996798311171,0.914024259171167586
0.693962112570305711,210.992928766587027667,0.613272721012622979
0.603833461496456558,112.575571985330000757,0.890678352222013303
0.734919618358258586,180.104901270249428080,0.762077310847981915
0.089618599822299597,62.146226583208566296,0.809004098556308060
0.619819190793569175,67.082894962459363342,0.934572010697121369
0.194337009467017596,45.946240918226379790,0.522270871301716344
0.723903415916417048,172.495879280713097614,0.882020662199738070
0.291750896535976301,72.041119448890498234,0.943411296838367885
0.117519762600249725,110.396036895675635492,0.628146264368800722
0.711145246657793884,162.749100031900326258,0.701705476963571551
0.891406381672213644,175.618819226415951107,0.795326644518318138
0.283621237084177913,203.975432914792321526,0.755384991051474830
0.268504592794320096,169.341691076097902169,0.863364659206970031
0.359760866837380067,102.227794065009391034,0.842337026087924601
0.820834222112790113,156.889421722290194339,0.591474473968979564
0.805599922664500312,181.591860788484382283,0.544578108237908753
0.603761087378556827,84.881493095153132344,0.651529270258295989
0.764448154032627225,203.433571670688536415,0.802992123016664783
0.062532281928595029,117.699807314368143807,0.817480928741767254
0.150217990819866393,181.589150219212882575,0.866297831941262197
0.152132844284207286,122.775306208480273540,0.788352662248204883
0.379861011943476046,57.636398508914965078,0.758082141384457286
0.781464196880296225,117.872971086072382718,0.833748253033490205
0.461950445912291618,128.661082950714700246,0.894576649464296603
0.435594508113726187,90.530463943668138427,0.574501357305236660
0.080751988559958479,87.473462627675175440,0.882061956927880364
0.905312790738520556,38.954501393637521289,0.761618400100575910
0.254122693987348158,71.721448995366955614,0.539544411169473603
0.496390241045682079,213.879411548995079784,0.503304625076649415
0.456267076980263697,155.055001760372618946,0.894264439865225191
0.679735249754639836,120.158720984881995264,0.901454335168442311
0.441934333808950863,169.634021508520220323,0.956255440053556782
0.648534785953982396,185.539020374784996648,0.855237497141453362
0.583179411429377570,175.326735739105259881,0.555128694342923557
0.432986652983962272,204.152332264795830952,0.855846065243697662
0.908325514174766147,95.329469555664744007,0.661339527338909439
0.505515560768647121,37.084540094091586582,0.551498959428184166
0.491417047376062455,89.118623193154803630,0.551499464772133519
0.585364459933288672,168.999624537249843570,0.540166345636674650
0.405348946973713209,174.940310959598036789,0.628846088425894512
0.814094301769585305,147.570489079044506298,0.922232252230209770
0.722652516303594172,186.938984169771288180,0.550621884245882653
0.778723398981208015,36.324172679908897976,0.637424214041672155
0.505162689556657218,151.573693041989429275,0.707692093345142492
0.812611262442364701,209.148991030526616441,0.574980774299794106
0.705952047025989460,55.973321936126168907,0.818758478788383259
0.354862297339779809,194.821558447942038583,0.991746140966311751
0.112847501326951441,177.436834780982593429,0.869811800104323130
0.355266450602989725,134.989573196616078121,0.899377666893303784
0.476430914139493511,169.419430754745491186,0.506990159642779270
0.956525728825598720,216.197804302819804434,0.530823629671260844
0.927477675370949828,136.122273348392184289,0.907511768275033215
0.696063944798042566,179.065342437133949716,0.587454296541538801
0.783265518666560467,134.641109188589041423,0.991119682560451465
0.635593270639175034,162.977720323229192445,0.507912569545576176
0.901581167827669061,124.755864661943505212,0.731080500227187402
0.168053602519319056,135.377254060770866317,0.509890967586782762
0.469837472909208298,110.583434096309602523,0.665258832759345164
0.288138392031108859,114.150165688498461236,0.562439946133608371
0.909723335489254104,202.990801257122967627,0.529212567694292035
0.077467250300852761,52.371174385018733233,0.574222500800032454
0.018341195013093906,221.634787542487288192,0.736349511234018594
0.322743766035880952,188.507310800821443308,0.549749978281462992
0.198839572841597839,124.931386994588436323,0.512082409297198171
0.327594217068616855,65.225879569692125415,0.751845012969807991
0.469509453947657307,139.062784994532989913,0.917329120944101906
0.287523343673108500,195.083577100407012495,0.719202694145921972
0.692294076758462329,136.549703449043903447,0.948678374244127376
0.194864874682328465,149.714114210506892277,0.787637294455901582
0.552494291166748197,209.775026299781103489,0.699775232771572275
0.717968302256794200,153.479342159704117421,0.808442849086936421
0.147783498412776854,227.008458623748111904,0.692288726805880383
0.599086044625227188,120.853282518472028073,0.855211099559641807
0.285022827200135775,167.982059547409221523,0.868304409254924137
0.659123765845829990,173.402920752463103327,0.730668608961851485
0.170930068030752474,113.718807204615828255,0.519534179352517000
0.909696228529519368,111.489153869204017155,0.814404972040927433
0.193031469861561306,114.260272969635252593,0.766955119004808061
0.202902567612090523,113.136234035772972106,0.840097639465664736
0.457524476477443931,98.145570354247197997,0.707783983713223597
0.223262262131572659,55.034961972797638907,0.563874234903772198
0.158752329496870043,106.625867458825609901,0.503343293268014746
0.675932028386641792,184.215574863141569040,0.568326027113542076
0.918891333212514372,158.648022436150682779,0.620861545267906378
0.466959656991950300,63.235810783706604354,0.816880731780460501
0.302190780425686700,109.479951632747528834,0.992533635443755280
0.559644011281271725,48.132502838292069214,0.838182122982057298
0.464829283329719178,170.674781686227220234,0.512968786577636782
0.554273486306524732,187.130046797909699308,0.587135188503673966
0.784400107779609335,163.163506127711741556,0.623275263716212113
0.209336298347260752,127.307106998840154688,0.823458188872599028
0.652166922975233931,144.452816186813549848,0.976854396074867903
0.800996746808211424,203.208127614537715999,0.903198370381123827
0.608686580164295332,189.721543424729759408,0.741868131959066646
0.255933838047801954,175.726330791334163450,0.912096970544613805
0.372526133488530364,141.860920483959887406,0.900012267186905968
0.458149051992401302,96.827138605570013397,0.524265689317685690
0.516999220994941000,181.727370477373057156,0.843698536327410653
0.919846150174077781,132.892313441341514135,0.808004866934422084
0.355040604757263401,33.800956973860692756,0.510646021195630628
0.354107531056706615,74.317013609905231419,0.546874024593290153
0.706912562691445090,171.236989855066298105,0.705355241138114764
0.763738791838843634,157.674497078066451650,0.581112368877385710
0.286607094056943179,200.689343095799671346,0.542877423503388856
0.446942732395924913,105.994268249597396903,0.775515619769758136
0.449338846719640639,193.916098487092256164,0.660319042324431393
0.372820756732747727,124.957442335173595893,0.921798050015606329
0.507913414405400165,99.992872684112484194,0.616951365771252203
0.569051212196205469,117.372219792012586481,0.939543314699915255
0.590262570973463574,209.415105906966005023,0.618132069498834924
0.764036485619430494,223.729636911630564100,0.822070998525445185
0.885274694402970908,80.287699208683292795,0.642860830823377527
0.552527205581149539,154.910670627252642362,0.780506433095104146
0.447972022043906737,86.831552342307702474,0.814515503241750261
0.570874994342928321,107.270897514282708585,0.884950128428323213
0.732267074483109681,185.418474909306240761,0.524794825044018309
0.922308265066086430,88.557762300076277029,0.828949538739208736
0.376671755365887817,99.868939024906623558,0.769442057270204760
0.455656166007571251,170.281020566316669829,0.984794658520368626
0.804968292526304752,38.083582960677794915,0.555948095873943338
0.624213459544736504,194.129593503359529905,0.501759759943136707
0.589912918091741623,188.350041698851583760,0.515371845674540974
0.730482863139685246,187.153692158305005933,0.547905864624648409
0.289495989183451541,101.096304759592015898,0.516581914643198248
0.619356207575350259,204.735825643014521802,0.706140456660935723
0.016599767140586533,121.655945870826641908,0.650983121785839280
0.339182820563691312,46.498411118655305074,0.516835630039385041
0.050200891555590821,36.894813273824709654,0.910998960787172796
0.826759883143146523,114.680357455541354739,0.764618386943648587
0.475466724470675062,197.301411181493222102,0.776462583938198891
0.167205441985966763,47.088451844192903195,0.935718666125754384
0.671740362683801218,112.596039795935979555,0.700307992224224796
0.487790148157815240,134.945802319483561860,0.576267402090606229
0.634112418628827945,161.504982161593602541,0.721912326879934674
0.934681507572721615,126.643625947999964865,0.827924646467705694
0.114807110365463844,85.829312417974108484,0.614391044198995928
0.063147662740104721,57.740543513504810846,0.983145397691132517
0.631650945986278467,120.187349888862996750,0.955752557550465731
0.537643631310093073,135.431875430305382224,0.949419597425542716
0.362491963219755020,130.310287650819873306,0.888579059866355658
0.560500305426377743,195.419471399483825280,0.749909960107965623
0.760246563993943414,195.655408469067225496,0.703967294897548168
0.054726294898874879,242.417682977066675676,0.623163808928718366
0.438880227943274526,134.862015857016501741,0.984361213604500795
0.910224248275591674,35.129833636241343697,0.773174093009495023
0.116327969335539905,191.920182674433220882,0.618963366497509826
0.775840292977965085,223.563035396189263793,0.737173185547691401
0.624514067058685840,192.762487697733348568,0.804355977402720024
0.963100756570904215,226.100940705982935697,0.721434394079435104
0.214744121408113886,84.828426710664416532,0.773049504711692648
0.483839819034876051,138.699914614700730908,0.926056989097660654
0.376598099095804328,130.041961309713116179,0.502504597448772405
0.488932396686757309,117.191077888904018778,0.538248243366432177
0.836584842804290907,158.780060437575514243,0.695830120088522963
0.641727590752997901,36.395409337169596142,0.618584951489801638
0.031754663188620476,186.157538297535609217,0.670069997109264071
0.637806422952588381,54.150309468911160593,0.660925877959637642
0.607358688657186008,142.729519905813361902,0.838405044477720796
0.074125360395056697,60.718981617160274311,0.834922987707373387
0.440084223566003296,217.417179260832625687,0.782646340667800589
0.487115954081419666,106.445746443540485870,0.688472804611962363
0.545439057849310904,89.412850099799314307,0.788329779533235575
0.569533654910583498,50.237754476480866117,0.825105628574077432
0.049030267277154704,145.425173742621097972,0.996124899140304887
0.363771955219845067,136.054960242197296338,0.882346436747749374
0.857945534594460213,52.069665297991193142,0.651063476414894149
0.954387318337862278,150.367388386880463713,0.841122506267071524
0.881200297656377085,75.995299802832661840,0.937990008555618315
0.000645347835196969,86.309933434679479092,0.709038989396476471
0.686517929716345510,129.695657538239061068,0.866166510083933527
0.027973709726913279,176.405353821602659536,0.707894681875624765
0.674320781769984778,64.622770508036126103,0.917596224078411127
0.869633557792501510,190.469188779277601498,0.815950035865870227
0.796956902902974718,225.881546898535475520,0.656853982449656870
0.780512645287344653,186.954035852065032941,0.793035505647661454
0.218395036098244649,121.072702479944155129,0.988841204720623201
0.076803402489237782,80.748522385087554198,0.757240090884149009
0.832719613642569745,208.361798630350023132,0.605313397883943782
0.687890050680711074,37.060817958347037404,0.821136251136722062
0.266081904282511050,212.337772081878341623,0.855436054885959418
0.373651344297806776,111.540189897790781970,0.700219511663991323
0.111242454233750204,197.789989005103763020,0.511837360470948965
0.702153013989408437,214.882028244332190070,0.748908435992024391
0.431194217937555024,111.980569877798558309,0.949644352603580710
0.688842063278160666,99.892325768043903622,0.725536594322079287
0.149116998174858378,51.553985303365138293,0.904015585808227606
0.598606868095832523,189.235261059614487067,0.593291841874327597
0.242689927263008448,175.279400301700462705,0.880777956126025829
0.930839883746346741,88.572488212120958906,0.838469240447926811
0.394209596358300607,145.286901191269578248,0.716824802139006900
0.490454305585021177,165.599166601652058262,0.632062267961498225
0.489465466376360903,141.430686250781860736,0.620458406293143638
0.147930604824201617,128.563278761998958544,0.965552606681308045
0.313399418990417400,74.103807921453835661,0.989715526521169231
0.229029430426920727,189.963313908069665104,0.571359512160336092
0.141593112468579974,196.338317008376634476,0.533278500644200681
0.941739067397636243,195.568108727703503291,0.612295824654210064
0.145032491492809362,72.415665603710124287,0.536822436517657930
0.257886128643656121,150.926319684777354269,0.845495500919643761
0.906061116847417969,110.223150781327859704,0.860141968512406541
0.629266839298984304,142.333811862077510568,0.530990304441849026
0.938158687203260011,32.365732399955518872,0.713841181085532628
0.789177465377376430,48.279401924934802537,0.707009328793643643
0.513870686295194279,210.333237958506003906,0.680705170116149505
0.709988419414063654,45.175352478950237867,0.890725103382123518
0.889151396205112521,169.345274056851025080,0.921411855631283805
0.046558189977001882,111.264759025747181909,0.799481232892932825
0.596874872258916667,102.618115304312453873,0.755011718390041664
0.290769433827849422,200.826080511731277056,0.822729932772823580
0.800808250160204516,194.808061095786030137,0.574031208637323487
0.386846643950935043,184.692527616242159638,0.951499434465809646
0.023041449747502687,63.921773289737075174,0.731102480458468706
0.425284386748227383,169.817937042554632399,0.893412539239047621
0.704615592614475372,237.385274712756853432,0.596825343963018118
0.305842983436511340,62.334266859503685509,0.539784021187254992
0.931902387643927521,76.220408709474853026,0.569613366681660960
0.481531303019956614,91.080559006344131490,0.751954373784590402
0.312192315845559232,30.711428016334672009,0.514176183825215460
0.076745439143357880,201.279767375186509071,0.705345104932757816
0.527445983224175796,107.373265391370608768,0.948289584757442183
0.687921640207582952,67.037552675306855576,0.822197192421549428
0.792101270845662953,146.864474454560394179,0.534109897178526638
0.375907033800740586,111.445842610280010376,0.878601417480363689
0.815710120010789574,163.115101749557680932,0.768661814747622074
0.585241484129634171,31.602142189615189949,0.535411680980729332
0.857372596931294195,194.544248231664028026,0.754779311913093887
0.644924516769193712,83.049504703256985749,0.644189877070400763
0.867638038857211469,185.248710662090644519,0.762712408875215297
0.237931093110877595,199.378304641131222752,0.773894464447522079
0.664924626284730369,60.973249659482092966,0.593930952047393879
0.769327912650822565,200.350625762297170240,0.630558965063364507
0.761118780783086479,137.571543207034665102,0.897689041871309712
0.811426933238332926,43.873817876542410943,0.884151142505572585
0.645712341215143204,64.868612563450142261,0.681988955861334789
0.570687251181960065,108.089532986598172215,0.786735518803618472
0.518181916017834032,131.136532208763014751,0.695989238592628068
0.674574324914975043,38.604607442195607803,0.582507891327609828
0.600740300704557417,199.145113277138648300,0.717385119126323745
0.752806916072289778,198.581664005772495329,0.575008435654291938
0.401311186453538526,129.806014464821345200,0.655942913653027593
0.442588086272923120,39.455852814195090161,0.549262085244064835
0.524246074156298647,38.464232530927404241,0.821147542884301584
0.750170150126556967,77.914381679718658802,0.715315146494304943
0.391966586476900802,109.439470573700674549,0.815245857668480123
0.719349092564806947,208.887052979524042939,0.961385896558881403
0.298149371483344250,81.520052674092127631,0.901246665142689585
0.444203781802191500,216.094423345375844292,0.551508918485625999
0.068908129822774777,165.867202173194016268,0.915468518486401983
0.219708152197918061,148.789811107401732215,0.656524142926248278
0.424604821173503344,199.136279791988329180,0.554690829210204850
0.818957775314708480,174.804729737940505174,0.663427887566590990
0.229756982790993963,120.310548441210215742,0.521221404873020711
0.809512472611386924,144.933311833182926875,0.776211622598091733
0.218313235508613368,27.411590978174984912,0.729441247050552577
0.241658658115641689,162.016997471589689894,0.824475790407709130
0.653849577907627766,198.718945195432894479,0.658848448094018657
0.742732988355566781,229.465337426539264243,0.972243869311284703
0.661282799215015760,165.340021510511718361,0.965624163757967668
0.130707175419703170,122.146191050231735176,0.803696131592534169
0.453452474365598157,167.961362628098783034,0.869573683101180550
0.057854903724555415,30.042506548808571409,0.917260378057722869
0.248813622757867337,48.120324358450076829,0.864491194822044617
0.898676231337070086,32.803578181915931111,0.775285769675475800
0.550376031073633087,66.426722852766857841,0.970999571303257536
0.885570703127706804,191.456025623613385278,0.851630615115681944
0.697098031916059568,168.153972037578597565,0.614145286674863677
0.422520186307300205,192.015236462124534000,0.660065098969877084
0.226944386111073065,169.628360216402342076,0.666653253045906391
0.783295742082412816,192.680758955780731867,0.816889046072600156
0.498156169791181491,36.447184701731018208,0.672198557352066128
0.906993557447232979,190.638005544503698729,0.545262772471293067
0.598151016197995045,188.867424497679820661,0.575808963800827578
0.887493969078602341,202.098323571681078192,0.510957876470876537
0.219987030272479178,128.141795673326669203,0.763480977571185382
0.549498399307223107,66.451375611827288026,0.729348560980393024
0.715494597046598568,184.698698172390720629,0.857226598984629939
0.539142064597228021,226.991548645703204556,0.814114386287124514
0.354067729840186418,81.203368089095832261,0.974702791180724892
0.252217730400129625,129.795067992211670571,0.836695864718952631
0.865067915964694456,202.656946290478657602,0.931568785472210337
0.733107514165351692,142.342500905064923700,0.963995407131154503
0.919364651790437137,143.221934612931192987,0.755204531815413471
0.191075816720216674,171.830809758042391877,0.869877128605951455
0.584066299922505805,102.485757477361630663,0.770093404250996372
0.275947502014357138,84.211826069275133477,0.866020243832915204
0.809584307096288147,192.923936921443271331,0.888918079780155912
0.252591943683396269,116.715508210165182845,0.662738543324388529
0.795785996974284204,218.354865989835701612,0.739374803490163601
0.472542871662934738,89.177870728631745578,0.964215884527721556
0.406720402597938901,176.535035475522732895,0.729087510268694894
0.142293699738323981,73.014550073015215048,0.719837494072018691
0.604296937695882663,53.905600803034445789,0.622792690395210680
0.937944236283082211,170.724605982189302722,0.744978811922739848
0.202143416091353223,133.639323270026011414,0.845045634543223678
0.736886466059675893,218.931114547313114826,0.747171914140010385
0.201378944777086510,107.105461987827382586,0.756830322503644126
0.000635731299792560,54.206098902744351165,0.727665134876803510
0.583419790865996823,171.762986697908445421,0.859588687931951645
0.147205609125192288,140.229969625285264101,0.655365806615503255
0.401101495192108803,168.212351614042887604,0.882214762885044523
0.699326397427573410,212.670249500645468288,0.737120478308959881
0.039567763390498584,140.404217203657481150,0.720705278550269557
0.566171950526961898,71.361953553568795883,0.605751275064306705
0.721275741369849954,118.447613869605660852,0.852804209693418080
0.631762375156112443,59.621799810116804963,0.961732076923428103
0.458010794304077984,145.017621965996966082,0.556221520448883844
0.242403820005556686,89.961015447143850565,0.679457052505942682
0.090984446230287494,195.349379853639845805,0.686498434002149605
0.169406288443648356,180.976840059363468072,0.592202065087449547
0.517429590822610308,126.940349127471691304,0.966536042102403181
0.732561212828897301,58.051558401769590034,0.898970928051752383
0.132614445242992263,47.822417274529328779,0.723828768820457435
0.565449079831814361,202.400231665813151949,0.559680283446858273
0.669042982151289323,117.996480753308730982,0.578509739193130867
0.399430694395024044,200.905322965521065726,0.787610971568441065
0.108054347944258139,234.652577445777268395,0.765501194758201331
0.617870538305637762,81.257513628354473667,0.629400038405374729
0.477351022174724138,133.221350350253715078,0.586845087671464372
0.558737801282199631,71.598690730273602867,0.747283198063338094
0.699351214138052013,200.569220824870711795,0.531698214854381734
0.618612497046047816,71.084019876762113199,0.991962978882658497
0.937215822759767114,141.674994200350056417,0.977049241664191492
0.524115210306852375,77.099944656347091154,0.688036681298743735
0.869247227961713165,176.127233411383684825,0.596771815254635296
0.632007045369547327,157.460378068092211379,0.863889909766712538
0.376482142836111477,128.214074236073685142,0.934536775644654982
0.375378247395671549,154.275077342368319933,0.931549538317797632
0.462245139465261745,196.764782681434923006,0.786671179120890907
0.614820780592461813,183.321197305095921593,0.789719951322027214
0.954289405933498314,81.021532758331957780,0.669066228580086242
0.643700759758629948,70.494591746369948737,0.765400111407667172
0.723513414564641244,119.829176801340963721,0.957291143201725703
0.376924290668525008,135.227196347397466525,0.773593608048354309
0.547238280494852347,214.726490266040855204,0.513610864460242067
0.222157398265884293,187.369200836316252889,0.543339341995372704
0.553682327316288969,125.115886037605804404,0.654779559110098552
0.911276161302428389,153.442467014494667410,0.797341721597532027
0.060735754606545254,49.371145944726272603,0.848703019113462132
0.483273736827901423,182.223462780909585490,0.576647115212481243
0.541849569197580871,130.567128638698534360,0.995320709650892921
0.670586928681481842,63.713048168565883600,0.908047330765790583
0.817483961469431475,101.303255678044450860,0.995978549613462771
0.770508958532983068,129.026530168728925219,0.995310263883331325
0.520169344138697309,181.549781205535168738,0.760739768061870159
0.595395329243893712,157.860497829222424571,0.781342279516324623
0.577443272204486435,174.345289111664385473,0.837980900862199007
0.645109323185166228,74.171323292699781859,0.829936373889550438
0.699453118285604081,127.998331834441614774,0.610625478864761373
0.286049704372723368,115.263443559791610937,0.510408544176284784
0.704280241086634118,83.058159420874630996,0.884254397009470283
0.135939951973458290,85.103479907829438389,0.902256800303722128
0.147074606016532272,201.749727768812448403,0.817962302217279724
0.970331034563459927,165.561638083134738508,0.957815241718343313
0.457736239714782223,193.772946161402302323,0.589074631634948442
0.917615024828857595,110.754674510907562990,0.980774551236219594
0.919742257513782802,199.374612645841438052,0.884774136166593728
0.184490372452088963,119.110068801355865276,0.516919883678606196
0.352032703206413111,186.653869735539274188,0.764252390900752809
0.424781587085292345,174.326410304520749150,0.773013741673895582
0.128889914467010092,139.454546602235012642,0.564910082891163512
0.712113911720518522,138.355729358423161557,0.651090002834546655
0.551711408224553668,177.259163641682363277,0.829797950209845037
0.916440876640520430,74.859609329276040057,0.579573587425586623
0.921760789286402704,113.249553476085566217,0.953203579213204311
0.932870630822156155,187.889002350061531388,0.987225752913548638
0.944655833385802057,188.177109780634594927,0.768061867332578974
0.447319706706116704,73.091241452796040790,0.730258435274363960
0.330448064074789216,217.306146313764429578,0.824849135657786725
0.663832663134249490,79.244587899450891655,0.978227339983238409
0.444319054122217783,222.370010677863660931,0.572826419077234750
0.360514395511058072,72.883158537560220225,0.518086811893747834
0.773117973015526760,169.626090975139845796,0.959772293157197254
0.781590599628652516,137.353562548874833738,0.604516588448757552
0.806444009758702562,113.203561682260385624,0.577211442294294774
0.962481021646696910,177.254601991254190807,0.889875835188737918
0.913077942922492669,31.208705562224697161,0.779633076340814135
0.585488822370281659,132.493220454373869188,0.550537814308104556
0.525914412125056741,168.823685574929214681,0.637234289304447810
0.695171912706593065,174.356803978208006356,0.601430588549717648
0.364886755054030509,114.665707045483216575,0.631050710168468587
0.198358378382270717,105.807246279158022162,0.658758922357866483
0.745716450139196407,199.654893150917303046,0.592492438495159091
0.884954088492459379,72.463783225859984327,0.642292601281714060
0.716501251683050788,123.168845641167962413,0.850467159754746294
0.606312693921958523,173.948926353612648654,0.804693095924554180
0.302109146285513719,179.086625851503413287,0.861147067170927261
0.354086611563563414,63.891148845434372561,0.621298646825415579
0.270157238692810220,189.794907519089548487,0.632059078669771623
0.451941715644679609,175.420771820249342454,0.763624268837279407
0.741736844735814582,222.023479075327799137,0.525111154054104690
0.892459473759166122,164.650927570305270820,0.903588621847359219
0.724664580799719849,51.124480620921644913,0.701989676488207204
0.422208567136075352,95.717643459837390196,0.942116807456896743
0.541149498709270982,33.943766816686576249,0.544927092043299033
0.081152966996551709,72.349885882921938673,0.863703136076835465
0.894977261852941020,161.894446985730979804,0.595451819939774141
0.199443582816766246,168.870210969303315096,0.741965880942316081
0.106181469455173580,162.370577354939541692,0.678984815797798902
0.225885097847979222,41.807272375894747540,0.585313703471688429
0.243354989039261532,148.587236850972772118,0.774970637496323778
0.638315661918669064,214.878820762343593742,0.896336354229189891
0.006154997402466058,152.333367062854364349,0.624993316820330325
0.810118871202930135,117.510026388244028794,0.739979900720670547
0.574799694878189604,126.043956187327438556,0.709191319795746122
0.041011997865171554,83.514177332435906465,0.623775691669680832
0.757268190571725675,209.722864569308939053,0.576619765641089410
0.808673482936586252,49.082360362260494924,0.690912816746741099
0.429176190784529177,31.735840747935963435,0.624908377810602933
0.703400461578636782,153.740628271363561907,0.854093908236740029
0.589287352426485556,181.111348840592370379,0.625584529534714218
0.315513825055114383,219.942529845682031464,0.981316460271106861
0.859018475371166379,165.895659604728905379,0.919440112961424361
0.351012976428803747,207.099574160417120083,0.666707451747240221
0.395662849084967960,180.262996187025009931,0.618901286165295161
0.689499664269906942,33.966345152355927439,0.800542890702455323
0.712178223112963749,64.969177124942220303,0.882772977275065429
0.090467500139779111,86.644434456770511588,0.775906705006539354
0.193626578304138847,67.744585308964090586,0.819218707687081937
0.326319214947510483,149.480156438193290569,0.618725898110191297
0.566322229790912846,201.967694929105647361,0.799499813372251511
0.454252584557664318,141.618495557059645762,0.659128984602782575
0.782326451743969753,223.759049137549482111,0.804959808163819512
0.576420725672789680,206.729353123823472060,0.609168352934155388
0.260115790949706938,80.372929774473035991,0.924937436638807564
0.156939806141482979,178.353694838909632381,0.543105097586358720
0.717999514175964415,110.609041745432534753,0.731525106799035152
0.187260316008219158,56.940496996834987442,0.773209526150793303
0.851707045744893532,198.839534339996049539,0.979552586882364018
0.715549456047537946,158.797892950561760017,0.991217888187287288
0.745790289693281871,220.353541570512646786,0.531940484062197627
0.042820098961925901,216.813939072493980120,0.663093033723542780
0.728913259399971425,136.517458149259766742,0.828463908342810473
0.147930002355593226,187.249911944534005670,0.888568946138742044
0.114851099752316999,171.616907939188706678,0.797054118771212794
0.546268594457292256,199.895437115671995798,0.714741801596590509
0.695145980573382283,199.497257152149188641,0.802242580605986078
0.546471169943986368,140.981455796807352954,0.544008075638791500
0.112362983657199988,178.818599312506336219,0.736390826383108932
0.437011295529685595,98.769191084340732800,0.525553104412986194
0.755411458551317971,185.108300854695471571,0.667426677217711983
0.695066265752448897,156.888311551747676731,0.905903755101201913
0.655697039860719921,71.365098998939430430,0.927264034838685358
0.386328966073734070,74.269757090411061995,0.726854872819758135
0.219494917238906795,44.086884619603928570,0.764726896391414557
0.648285602107273262,109.458034897201827107,0.956007995824348145
0.624668308046265386,175.342957392387063464,0.748472661999985189
0.877813758066352978,90.464877985412769590,0.831270092449264419
0.045137813516365401,74.767431859950946205,0.925364306905564149
0.711910945158472752,160.368772548839899628,0.952284277098993215
0.731241739757286124,170.991046835606567811,0.561655776527925088
0.547170453620781094,118.377096484563551826,0.704966929427586875
0.394396522044452524,115.463058211818136556,0.930727770890192208
0.888093445244838797,172.914678978937729426,0.634790689858147905
0.464743999429509835,153.497443963873223538,0.640600486396899371
0.382155453206568185,172.563475353252556488,0.531672586321449869
0.383238882139906034,149.070707727384387908,0.535847364151931127
0.545772941615608853,140.847373693141292961,0.729780935811794262
0.450481805281919112,140.482806557508013157,0.652127814487938773
0.964497840235922665,103.487614252541220594,0.694954034135820131
0.684933938618369709,190.078723683186012750,0.758318879767211129
0.925067869655660791,75.191990990379764526,0.834037831025188359
0.841446241151136420,167.289133278813466177,0.646254283918849426
0.648273217578015370,203.371137238494611665,0.619419667128455975
0.459057391942206683,223.337675394437127352,0.622063504421791258
0.211533397002221180,110.496407758663181653,0.571816543661819332
0.124790011805791301,177.074108582578617188,0.891495438318981370
0.755857983220270868,213.476191805549490255,0.803224553115073792
0.309895346972768937,93.248255885811005328,0.886017788283023133
0.225207199505761041,210.489491414309185302,0.794698641825833274
0.562056192998169224,172.443012577845593114,0.992311481677107921
0.302475864953581364,93.605349687883105503,0.971299344499241823
0.767321430282578154,214.756004179255711506,0.806026330612221953
0.526628266251859101,216.874415219818104106,0.628280780497131763
0.354605465256952190,146.505663436534575794,0.593755961176482772
0.587866307908509134,95.569917950096339609,0.546530848786047851
0.856403829769444513,215.544823373658601895,0.630872113627564568
0.951797741552849352,201.982797614476567105,0.667366594332374552
0.515728731252259931,133.022173242316796404,0.931701933487058320
0.934182644329849099,189.424435981552790054,0.850763788314999325
0.012524504758020956,228.637550780756612312,0.503625225873549631
0.447789384612109154,82.744226546283883295,0.829540122064524654
0.651856490136933031,197.097798523283273653,0.780468952353259304
0.829963361896475571,102.509728141583963179,0.571762289233872734
0.689278032247043315,205.747695532479951908,0.951826451781661476
0.591961745924136751,240.605820325068549437,0.820138127885981394
0.139878628500248653,64.943725297794827611,0.846143140010451322
0.071267880099610229,146.185892641096501166,0.732055852766805293
0.425099761085637351,98.253372776249037202,0.787756273989312916
0.698949926597849158,55.367806645277774180,0.666161483172627356
0.320113961290123594,211.554254654337398733,0.814731650499440296
0.064638809775980285,167.410138905362060768,0.541106715085505452
0.674104998903917840,166.954128117241566542,0.650903695391991999
0.834398196023567351,84.441003018154191295,0.678454784759432439
0.669719504582823477,198.948793910140835806,0.904530688404290739
0.562807901361014773,163.004855660325318922,0.660362206626348036
0.714322865869843171,158.739139876750556368,0.937530302695482209
0.679353743094433637,149.840154242116085470,0.887229781281179797
0.181868941470100715,173.732455097377766151,0.572944636098372317
0.103326150851718965,105.032678485765075038,0.639848884417251185
0.153782051565927447,183.753522289786928923,0.973040038429748622
0.150928438713842455,42.275093654792989639,0.859789195104843307
0.594889984991612164,104.967461079256693779,0.994105637921056662
0.643762457595325577,28.995516620972843214,0.716087351880089873
0.850937056119686397,152.942639539743197474,0.939313139613326742
0.901706866086286696,213.998457138792758769,0.799242141292722419
0.017496942289340015,67.752222293495393046,0.737128166381209038
0.947255420279895954,158.883897250877083707,0.546905825339438656
0.484616184087117541,93.924646110788074793,0.673871428723507027
0.466049152202647365,33.510459343657160503,0.636478288905571898
0.693952088267190792,176.887179250731179536,0.960122614853049727
0.627475716868391542,34.952390932634621379,0.748691898630952757
0.460479297149957778,29.601682565657565505,0.847564969756071318
0.795240527650249995,214.697192043048033838,0.616916738168233336
0.677264992502794372,158.321517686220289534,0.844927026125947611
0.016543922778146227,58.459306434528635066,0.934126855504462505
0.330508465828447506,39.352876637990696906,0.574971136503919622
0.201988198438401517,191.244912059662482307,0.924935548277608266
0.888088047121206370,155.989078673515479068,0.977664478493114553
0.552439996821144197,63.652466555514280344,0.613791157317836178
0.158884566760940038,83.571464189441840631,0.965774593665813863
0.477806729834953037,72.921163325535857780,0.973144017547634355
0.763958668261228824,163.236886700273430506,0.548295926453595928
0.753659717595046352,218.822620970449548850,0.515854117749902419
0.541166127850924550,32.777839917536617520,0.898979936790162526
0.418427640490828145,194.428680231605085282,0.806049949471072225
0.304505457814307268,59.636427239468474681,0.859535571151896161
0.192460140083564130,141.720179408069611782,0.791644816725979750
0.452295507708969480,147.706930922774432702,0.761150266031157541
0.433227228978396606,31.714115382473917037,0.777443621144733310
0.274087177865473541,131.303018893721286986,0.576221343917835860
0.831135310475571876,61.475469846649687611,0.771604564757324862
0.127339652454257324,168.811121696776609724,0.677668452317550463
0.862731282628553475,58.898683509084769128,0.976389287475123213
0.935387025711798437,192.699495291243380279,0.596863365179363781
0.542815996859674077,96.085333721564623488,0.885889818722165434
0.841608000777294252,97.454468147537994582,0.643894527455859067
0.774311486260390369,102.098732459542887341,0.624548363376421944
0.693667790046012867,82.521920728267659229,0.564579561346475578
0.892879744114737472,189.483395966560095758,0.562868089751422551
0.618590724823643301,106.052368756986510334,0.790039168112417034
0.908600528124087536,121.665612691656619404,0.786182298383770850
0.297070819161376454,234.050669247645743098,0.500768645419907843
0.689982264160888703,179.040922583561922465,0.770279306866461067
0.742995685274177031,155.594521198367630177,0.732619567390351167
0.052972269361814539,66.958311586019291894,0.732871509282965294
0.711836927602177094,232.579941838187949088,0.507342360441175755
0.720028424817010126,116.719732279665294072,0.590896872474680812
0.137979929257424805,187.892475041478746789,0.776884443067132668
0.063249111057945645,204.809717670946469070,0.563743167851128435
0.060393531775327101,181.149226142559257369,0.765550626125157341
0.430405008616295215,167.914543781296288216,0.904485598922969203
0.805708778827485816,90.249260373157767390,0.556820315023496049
0.515607198771069419,121.156546086413115404,0.960892134434798484
0.861275771050000971,159.157751613274399460,0.788754553348933962
0.981099376166490789,47.672585145871636314,0.656461796734530201
0.465350245964179343,181.843768566923444041,0.767040321384375723
0.741307332931164908,116.460018896551318335,0.969742739936687803
0.538536287464900787,183.009325787174986999,0.864831843498171216
0.922559004166732088,58.138005468355160588,0.527197031687672735
0.775258240114885311,142.182104731258419861,0.570141677263442226
0.205991395271720557,88.693087670653255827,0.716255479239440884
0.614936435164156303,118.853842043637925485,0.873723816124332253
0.188534047993584086,128.175228044346823708,0.604821734789945054
0.461830783175315451,119.558558565673507701,0.823399942097773341
0.621024431126206200,56.663506901391350823,0.983093320809211857
0.938308199596364689,127.921410160548518320,0.993152864952811631
0.177980605681203469,42.211918560332577499,0.585791736821153819
0.590369508658857622,145.494090449524293263,0.886353789726794794
0.849992253752733906,134.014610131525756742,0.905076300465296413
0.584715685178822331,209.489019993168994915,0.686753403740843926
0.511445413184190345,141.328110537428983662,0.753145153560989100
0.323365302257173470,190.490741231498986963,0.776962833821970622
0.926921722782559465,71.565849603623846065,0.513989566197726622
0.284240218910920828,128.144166332167458222,0.817217370275407751
0.189137632108078768,41.434362547823809564,0.933962497571857231
0.399542074810679382,83.431877541744981386,0.769500186706099987
0.018901720427511891,114.696733895891128441,0.962686689849541866
0.417885511666912901,234.068368792618798579,0.538003649287785768
0.356176431519301340,155.600930203552479725,0.904469512907133955
0.699694896179481218,96.434414323858163698,0.939358370875727156
0.570393120612308846,194.049949387087849573,0.628712701870759005
0.843769825207111968,212.082345242086518056,0.895239101189207798
0.588231972296825667,215.927882109083526530,0.648350113629161395
0.407805624974316772,50.155341317105651910,0.850921480472910385
0.735500776937725087,122.338850988663139674,0.799876169012935456
0.781031785505321485,185.050949789467921391,0.550504507366387785
0.623088780845654222,154.850384692280670151,0.730273050151521885
0.273128202005990417,27.548551638183621293,0.557954120280630406
0.816581555504114043,64.012170753098274645,0.633910473112679673
0.263734615961165042,88.042273850813174363,0.945132426150062099
0.772285553456130591,234.366693634553200809,0.744854293758015373
0.595400222822379588,152.434509328770616321,0.825599561161487028
0.010630837256622153,153.070468001840538363,0.817597295334210106
0.116191737955566546,242.937857154526852810,0.921953086125038901
0.579641546329731416,83.319036198980555241,0.885433305282007588
0.424495931289922301,46.079757572527356047,0.577883245124010902
0.751028207050437935,142.348261321376583055,0.529950733186116407
0.546420662129351475,155.445920040719641975,0.783430659343971270
0.261253663865256891,124.622131867116962667,0.881164515877531751
0.349191610289639631,210.443382577690385915,0.825662649306439844
0.203225783962387774,86.388484550636491122,0.552652121351594472
0.068686643295483726,50.083602544768751841,0.916541364661711766
0.545924579540991717,98.577112746638533736,0.765375170325458098
0.995777012185494970,196.109385396327581930,0.725350055687186246
0.928044961835673643,46.240696871619313413,0.799184119281438954
0.355990920104252595,82.111659687826985987,0.829886790077541958
0.420725188265302641,216.231950815676725597,0.842046691711499262
0.838943271692454640,197.554412814341219473,0.550073992931030209
0.737542348095378331,152.136021045998546697,0.847206933903180914
0.467315072917886487,70.256677028409868058,0.736461442127016475
0.882372857713637937,198.434431763994950870,0.765832754720934261
0.113182980738910602,155.097533405869171474,0.899973930133242339
0.612508718937536667,34.366804787264811694,0.979528238029805598
0.894395093078143910,79.370512842040696455,0.616100394809575791
0.750674709643547322,216.766055640648602321,0.690690250800832573
0.358335858668269502,207.016285170053947695,0.852036585471869223
0.474986946193760584,195.709913945249553535,0.903063142564407451
0.761160353661107125,83.359565658542308597,0.697877495798512770
0.922848409850185014,56.273997637775394765,0.601159630592184024
0.437045318639559144,127.562638467892583094,0.809369882946920471
0.051233570918933734,167.618195544933286101,0.910189317217345861
0.383518794788292761,67.215906574741751456,0.642497681941090582
0.657628130707085701,178.657104234948292287,0.563768176659277032
0.036304423128307478,193.901783275193906775,0.606981449074739832
0.952786007836007420,195.501467073773937955,0.901661336615548814
0.455775853254124563,199.324966864331400984,0.826998302561406495
0.016198797578729912,216.374136204431607666,0.990009658753385313
0.079887135995932237,64.646521632694827986,0.919642630571535724
0.367802300746205013,141.568647865733680646,0.982180317365117017
0.112060926852930551,163.295714947873733536,0.716531051535701513
0.728955007066297012,103.896779178836325741,0.553090102162707375
0.731137011280388660,161.324975180214096326,0.859098583991980913
0.754858481772672785,152.557586894598443905,0.891747055305092795
0.006843222846211489,205.078411773171382038,0.915026547507989729
0.461692820090928324,180.788514821958642642,0.523864484056678625
0.796056562664294365,210.772114650121181967,0.535222008351154743
0.716286392986492215,139.835589068009255698,0.650297469157152475
0.250303867006527181,135.074235410603307628,0.943284411421706492
0.635956595511043665,50.026257939168502276,0.894312467985063142
0.841336166301833388,188.985228917992827746,0.565677973425986025
0.221673429880657191,101.214773773797801937,0.840098928436071368
0.236742080835796259,75.014256896147173848,0.749429646606163735
0.558123959631115052,139.759118278657155088,0.805152952116742204
0.140136977747322367,219.902517525928828945,0.968553923215426327
0.309972109480892433,181.080829579497589066,0.557473775543212091
0.470251788619844291,121.762914711364587106,0.969656224659764865
0.644652613591286894,149.873472765636705617,0.862946950864371121
0.841504841256495828,211.604845609728670297,0.639713555899072306
0.191236284367086479,220.672201449700310150,0.536219383741342037
0.676641789455397435,131.458299273508004035,0.694590988031468570
0.530856465139148304,216.456755078734516928,0.961333570755311895
0.548667992477310129,165.456978592253165061,0.522674067060424075
0.711280766091831995,35.584215746714129125,0.658613144905825898
0.273637115034384371,195.369407374154235413,0.629649248365122371
0.001853685899935652,67.082649352565795198,0.854084621414609169
0.785788938692123407,37.608294621098742994,0.518541859784222514
0.513012221180876193,148.351535585495099667,0.621025962156438904
0.485737018841307877,140.848333166053635068,0.608598699614312011
0.817603432756985660,155.302184547726426445,0.517074254533302580
0.803291836650612878,125.649694449145741260,0.884259739299651182
0.846758145346755864,64.748214396278029881,0.667253802173721988
0.793601582733211908,174.417214243052598022,0.918919695678175330
0.626166565460835378,101.000209242299362700,0.993995771340361767
0.889727514528553254,55.142924100717728209,0.536098089160665259
0.438853663699890484,219.227094374858580750,0.527994826991962651
0.467704408226848389,165.387863415929473376,0.837041609124472119
0.685569885101865562,202.004031453962880960,0.803019823302469460
0.597956630634057240,37.550946012590195267,0.819404546633522135
0.716242989969659183,64.671948054360498759,0.561978867559165485
0.441398871793199754,151.234163232537497379,0.555959543495310071
0.576946167121624276,169.329088647916307764,0.897647038833900290
0.458554936268265045,187.743901247768690155,0.877523592442406186
0.640205538478982650,209.307488999229718729,0.632562261487245037
0.708875443084014845,126.150757359687759163,0.763444484995527528
0.582035855210360831,170.793846891619494954,0.518320428820002621
0.651737409403623458,128.319025676260054070,0.874497807063356447
0.387009398540153482,44.281962981709298788,0.667986470998206405
0.802099667991402976,97.033333202728087485,0.725678820307320782
0.520706068901763408,53.343899711853993040,0.976164961376130180
0.472044491810928724,86.107635203119016865,0.871752819825408087
0.263819589822001821,131.479358174652276148,0.745541706565445050
0.059693538816578406,92.310691236624208500,0.513145488136344308
0.019795224200606479,243.878472086903457239,0.533625879690642235
0.108773546834047774,189.829762394089726740,0.730197499229159108
0.207791298045904044,62.259199997439139906,0.649064384785087545
0.255573809591390699,148.299665146569935814,0.719278902888482730
0.822200459829343977,47.517414001111447419,0.607881568203912037
0.371125756692424980,147.027704522875467319,0.514460634079316859
0.392504471025950485,192.879883267040241890,0.709406370644268702
0.694257452922595553,146.655142686377530481,0.882034969557064397
0.336537544854456083,111.353633202287042536,0.744906247489428908
0.819249402787689873,175.966812284553384416,0.573313674273744911
0.747170484983974981,130.308161341635468489,0.855584018964842485
0.305911506312094295,186.239837351410102428,0.566678742503006871
0.384185682698256870,170.408305712860226322,0.907060649973072675
0.742050215911649103,195.318806081529203311,0.763212549949774388
0.905166343231016524,172.595736924096911480,0.855950560354651113
0.409416861488745287,56.274611786208431852,0.600403328317141272
0.458254711423655314,172.732189221564539139,0.643983066991939967
0.780925723728281285,148.861467383483415006,0.894252466110619260
0.894271946417176666,175.432018035734756722,0.540022595418398588
0.362301248812965493,185.462600307596574112,0.944647207818773871
0.595751490273412232,224.977900442046802709,0.673568632902404540
0.348045926400797512,102.600494324380775879,0.657016952788507691
0.824406759823157254,161.518605783144863608,0.895261658201271571
0.719455466860240089,204.086896693553626392,0.610347160758999641
0.085815646444508245,80.172782141982253279,0.613467190345379998
0.149614782638992944,209.304534202625916350,0.698765980652279906
0.246490773186866019,183.080210325671373539,0.904769237370069090
0.954908152434629010,214.354814393505762382,0.622648409330525676
0.843144089298892285,122.495848106259501265,0.691793114585699365
0.789534122454594978,26.872726029740249487,0.896339879301503162
0.584846342006691611,202.835672716350472911,0.733917923977271847
0.111430306145750460,201.875276028128695316,0.894633769511276489
0.621315869796563947,156.241917074277722577,0.819024798147055977
0.306103812893506022,199.189994835888199987,0.783796704050425896
0.664950619519592001,78.713636786954907620,0.792935980856369849
0.122073599660259810,128.219190670435750690,0.969770854890599665
0.868309309807384078,122.586067333835146087,0.612551444867719508
0.452372660598709286,71.700192175274381157,0.900631069749820989
0.719546449876457328,202.872022560002790215,0.751363216982832371
0.728650768378803160,158.037584956687140902,0.663928857044444376
0.176757456590391854,151.569226777809348050,0.954999329071462344
0.401041504312443620,189.672398269305460872,0.893923350263261751
0.720885776311112503,179.320531660029899967,0.698392726194195124
0.321932363053683723,163.190126614975497432,0.911357591731928207
0.652685509460224189,144.634222972368348792,0.790585593376724627
0.751989859224589052,147.071257304524436904,0.905768880902846241
0.239902649558397074,159.649766203111511231,0.730525334620813815
0.233452738944862154,95.155935219556667448,0.851432212792588183
0.565577491398826959,159.104066046358980202,0.769507348638932998
0.884829055373325568,69.467267833408882893,0.956900589613291164
0.119370447545565028,188.711555698085589938,0.591491660913049278
0.330574137745433427,176.620168715007565652,0.915932854838861110
0.069479875859368614,70.872289287398047009,0.883208610481600820
0.337465632254800307,108.816064304287479558,0.520803737226592900
0.643214808417664097,104.100538599214303304,0.946928055419704595
0.040933065143467950,29.772208399099245213,0.626698688744527388
0.596258633600864951,171.490579510852086287,0.853183713438494085
0.422245429217287638,107.019661906063703327,0.572248043540997231
0.863690108420223979,89.777918112405643569,0.938684217844342417
0.344389201173964932,60.714937416796736613,0.583528815070199602
0.464693954196672310,186.537833790638728715,0.837235412311062577
0.677928861360291735,209.955129705021136033,0.678705395666987843
0.923190962046284924,92.739422631011322551,0.838271197001350776
0.728891450272839081,187.169953783165993855,0.658621809620227427
0.666094755214219791,195.308285849658915367,0.577498767979412797
0.269442832112807285,41.092690006999433194,0.636314210713025075
0.553079886567774071,117.767831640167514706,0.936980981337936392
0.839177611641622079,206.958426848197831305,0.552265007093447835
0.770193230141166585,150.483618301751135959,0.543899742644823103
0.218818779405964087,210.113003285058312031,0.636813359088856723
0.606760799264276063,177.413798730720515096,0.641296329044076296
0.311473933414725290,144.250093209064971234,0.924104445487459181
0.316281970652585509,161.884467544396244421,0.979120459953618627
0.714036107625502292,44.077958024560459194,0.641923389871840833
0.639208731593359447,160.827959233412428830,0.968823707037154591
0.169263298755274849,226.647629095675853250,0.508117954122154991
0.172652166485004310,120.980347312294099993,0.832635983164542903
0.971000012168976023,245.373925597485566641,0.518918095567242110
0.421105969398487268,139.203148650574064504,0.860307695649303428
0.447788874246294322,181.969299334079039454,0.664293774811498650
0.825092709172910665,120.285063987920196382,0.511624214369184704
0.507060046352557747,201.597854253372304356,0.891116389453269320
0.554362920515815483,197.133876556352618081,0.537735265103251869
0.728667521035536780,193.472702177401117751,0.505438840268900513
0.833873704086200429,143.514159565938484775,0.811939258274103404
0.783616854876265090,109.346211134651326802,0.904040853532079192
0.842323513275728519,151.349787023322619461,0.751811894920653589
0.808840525369720176,43.540144419770420825,0.876119321542909946
0.386912943555802635,156.987114339375722238,0.530960998780059201
0.889079405349285756,223.767068460148664144,0.699961740666680821
0.090854795041379888,30.207981988274951846,0.915985747941230999
0.443796085759070369,168.162461276579477953,0.978473685139997995
0.754365657155186220,152.217010620987792890,0.880385331738902321
0.329324575689725674,136.405210593981166767,0.852364014258832681
0.785436831746035957,204.668041449734374737,0.518499060650217225
0.062116910244599588,69.651164029681339684,0.520856369894794224
0.476222514174480749,154.201339020558663151,0.987386890671393624
0.392145809098658149,64.530456646212911664,0.801919966064854384
0.265187019858143469,106.512602274455332463,0.908589613031349996
0.615233795028247932,189.032379243618095188,0.549289497036941188
0.625741077828776082,166.901702443331402037,0.970961130989284049
0.590564144566083637,98.179696309478302396,0.703557621790328547
0.249031299520503152,51.296436524777220711,0.844959223960849437
0.401477999665213692,227.679319001336011752,0.588537981081671435
0.802915358453438532,174.709492384395844056,0.589348813839082775
0.193692531083743708,97.329027425210384195,0.543498810686389056
0.414715018843884120,35.374781050244173741,0.527240644073459608
0.520053718434277612,123.777476505450266586,0.804497662127825253
0.380130993610114654,121.937862126078101710,0.895637469544802722
0.602361519835526549,74.797497287793220266,0.887219486952785186
0.357679842748547860,55.748865008990229342,0.878909550660275540
0.754022901839781157,220.378723840832208225,0.611621222156509381
0.854627067259131512,91.153907671820419978,0.688760767688533782
0.544070336849002523,185.162566811899154118,0.902205885053075529
0.213298524047751237,159.817523047384668189,0.822249880140926370
0.335595360418714628,124.929874029555847414,0.839079094493083710
0.171095096228998683,110.178644041790917640,0.856202762024984909
0.146793704614395532,62.744947086718305229,0.868004554520704352
0.542630005314577168,78.628992109896159945,0.806038687672177123
0.552810511002325922,176.150679133412381816,0.972675718874430939
0.153161024484266661,172.823069297818875611,0.947669746148782077
0.016667750017317400,181.059443022726156869,0.972982699172375454
0.329262988383570820,92.642999146679159139,0.717390930621340295
0.706818858412307849,187.721417140060879092,0.931347415823041258
0.847860547128717834,98.159371362421453000,0.601853565188761985
0.775458744992588711,82.509597937335641404,0.607092655781317880
0.358565583482418349,64.834051355955807594,0.951220542186079765
0.087017997461362628,116.896836856082515510,0.510717504424003765
0.791285274662635651,197.653620942570455554,0.691624354587636381
0.392026134250292646,74.030187443628392430,0.962676245560829091
0.913905476876927692,195.397842827139669453,0.624411138870372917
0.127393355801926816,159.710658346837163890,0.626968026062220352
0.397917488647784479,53.932589543243224739,0.696097256281365762
0.550646809993931563,183.690259887707583175,0.793932379040741099
0.667347577145056547,190.041534976260521717,0.984876591755672770
0.830991673629878136,201.588159702843569221,0.934843004933645805
0.872886374766379203,169.343139759685897161,0.596668739221576816
0.210615728874842589,157.838550235585046266,0.610654641298499667
0.011502881960613574,155.720363999797882570,0.756746281216182703
0.869444151912145080,209.367544514751330098,0.506999180739012956
0.343733939020412937,187.938459526905688790,0.625385055905816056
0.837001441939462687,216.015410517250444400,0.825752708125954138
0.063396156644078702,202.298313468868741438,0.676887393313471031
0.541049195934456661,177.756737526878680455,0.500877428604382779
0.524459838367770437,62.244056357453978023,0.868469891191761878
0.515399087583531701,163.436252776343536652,0.837438850488406827
0.482778277134890577,100.288253774034984644,0.709566165285027250
0.582889261136165127,90.111503536478110732,0.662861769934947720
0.865767778448884306,161.829668523693158022,0.693928512385465934
0.570101762438562365,164.901381668554222415,0.971137359535893863
0.483908727286874951,103.353021544595719661,0.528906050740087785
0.126399875457025024,127.965017683492945366,0.796707695426046580
0.576505862453237206,80.588742819445954524,0.909935621692662622
0.748361094388615089,144.082802187831873653,0.817481910660601385
0.935480821094216042,198.762450182360623785,0.751940821019276395
0.274588287775971718,134.227698247263020903,0.522391872175061001
0.414130337624875056,36.262516058740210667,0.514335552689149544
0.823936960422855358,153.349771294243879538,0.861182635396873786
0.322713848876203135,101.662882089959907717,0.985500444965873079
0.464310531936350745,182.253821729202059032,0.841718314477313823
0.686256091141431712,153.474079528257135507,0.753024630784494553
0.937997642368901041,67.085464473721188483,0.627445595623502217
0.539566969631414706,110.433314407831474568,0.766834127500545470
0.564695743377921611,211.208501584261369999,0.862396248663689802
0.017870015986962636,93.283490089916284660,0.793681676425697757
0.820443843360627367,115.082724149408775816,0.641433720132548402
0.944610460982935773,73.929338311597845745,0.696538927796550134
0.348369270758204730,183.444841790807288362,0.635549219780699448
0.760816383872742974,179.561253910987602467,0.567254166950741934
0.428235825583936525,139.478185226141931707,0.921737990188021383
0.217706022228745882,188.998429291271492048,0.765846440833107156
0.444180878244962274,186.683678655228987964,0.664495607449667625
0.009895840333100099,153.709274709088617783,0.899927366857790734
0.438169936050015030,181.170221486444319225,0.904092795286652429
0.472141710525194935,103.703691607770721816,0.977090107787043638
0.819196345423131356,171.891621670896171281,0.890191907693720919
0.325276253456284303,100.344646642358640065,0.703928156338653022
0.767140894380240468,126.974353116732316948,0.839661342860472892
0.395482337691161978,189.810182468257693245,0.556802914026243490
0.406893048208795127,162.227911797974286401,0.915732634682192126
0.756239060489167891,107.399800848789922725,0.605030458578301844
0.369559625411638504,109.805220993275554520,0.528188139825934266
0.747093523762924261,191.163227791422599466,0.694960425019461869
0.607443279599437336,77.959132169784282951,0.990202927084698037
0.631256888689060935,219.628696815556452293,0.752452218156757668
0.600753341179946609,84.294675624560738925,0.936522297391254366
0.287699087264970788,201.017182542664784251,0.612061951010751226
0.079290253948547301,30.358829175636049769,0.684412113507275044
0.568908751620243458,119.250944359311546350,0.782251716966013699
0.314174656978102818,33.662303000662710417,0.561980067148600715
0.514197241945360983,31.341613476250923753,0.797035497568548190
0.756258684461679653,163.767819710950846002,0.766347559903597708
0.837487602758161143,181.726199707469390887,0.566962343314489248
0.759861675157258554,66.789486238393962481,0.984522658962321051
0.902202363990643574,157.484280063406146155,0.969172034505990210
0.099771431163318769,67.098658385697405038,0.818836082917388297
0.119584336647833064,100.580304282170899910,0.813707224572484789
0.865197046327451091,60.953380144642999028,0.674663956567471135
0.375300642303138088,79.794209719774841005,0.840033918973040250
0.439214330577281209,75.352986032404132288,0.949338433490847011
0.582201037520103881,99.729344405579553268,0.859595651561037455
0.063343105695760751,80.668715159652876423,0.949609879053672890
0.464427553686437733,109.619648115711882497,0.757417314827990795
0.060055873322729623,70.282963976474945866,0.845883267110328463
0.344779678466708039,50.015473739959652733,0.741206053098145579
0.245781784219510191,192.481711466163972091,0.562642561660938623
0.634035191204720960,133.948499605926514278,0.817087689046241294
0.119069557577432331,204.166663916976347082,0.740119304273814671
0.700038844283698891,173.852925044778970687,0.794257800295092409
0.408238901002079102,113.913412820448527896,0.643031376558160228
0.597095065518057133,135.188224204655853100,0.748754704667466298
0.623120682625093680,206.478579311105221450,0.895101657243236426
0.525644209292267073,151.241923400649596942,0.582589805283744822
0.744247590112718571,67.418541275107799038,0.950962424182813404
0.865526900949239675,41.174936633768403738,0.817422469452610323
0.823319817418689426,80.586110026053674460,0.902367595546106349
0.234322072994252256,149.558937118775872932,0.930528283152784685
0.371779524031891628,150.413479314109054030,0.505545273073354506
0.053802781914020603,38.321340567445822956,0.661180070868748637
0.306731423805978343,49.703503227575282608,0.614619928499038570
0.378134272306406505,142.947987630585089391,0.854825776976536167
0.301234885118806639,173.739672376495519757,0.821743688723024057
0.836692230719074947,34.125785286943973063,0.743795074258459143
0.325024255045121169,57.055406902772602962,0.658019381487196187
0.618800994567474172,53.629608704579261769,0.916102252907516013
0.413249937322067940,127.315492755507847278,0.937928567793045564
0.865219039289517711,213.087309864864948850,0.930623268368491630
0.384523879214731856,186.633671246710775904,0.641694761610630104
0.598526839071868544,38.468490133897468297,0.898939998096258908
0.849850018723465772,143.104960416921642263,0.863556202270992168
0.085237723365346435,77.582151787976442847,0.744769362360229947
0.155751065114484250,85.653792063175487215,0.592171421718579616
0.544509719019352301,185.150918430005020809,0.802676588233701471
0.895665671617160819,110.955534940158116797,0.733968149752171839
0.486465307998761864,49.633036270052258487,0.536228486235409751
0.221664396180229817,174.760340704694954184,0.682100100136885268
0.532863054845746253,128.913205195831864103,0.721812061948208683
0.084457327540855387,127.972000591566839489,0.575627029964003611
0.160222701744234280,144.604477104715755331,0.831930251965991463
0.735655714676064498,134.382766144953137655,0.942897633093580545
0.389645868036648801,157.195990930344976277,0.864439466606407914
0.440998161316530635,191.836210924375990317,0.831408614017530745
0.409759941302266784,149.532381868095114896,0.561955054594160508
0.139610291230115618,33.879227495903997180,0.660188418643289809
0.485661962696184724,88.451598104160751745,0.560968023653895198
0.876986962182511154,209.940103481543332009,0.713438004346316657
0.426728441709262052,87.197404676875422069,0.706433431113003163
0.505880360551182462,226.754190784670811354,0.510520632281489251
0.558454849862904390,66.449307609613526893,0.731326631552231099
0.377470939427311747,160.666489027786752786,0.627495811475227261
0.907351674179399992,84.705137695783946583,0.522563071404503643
0.468525366886119510,31.625233729683820627,0.806085980525241053
0.661965200912119633,85.595590076733031992,0.683338476239057413
0.175295136540081054,116.831577772877110988,0.904188989239155361
0.181884976045253888,30.117854046956814784,0.585828497903185696
0.279590140174932111,105.845251009967952882,0.507570877056519376
0.318179912995129877,27.383673700787586114,0.802693094872521051
0.901747873927022936,158.841045854722068498,0.560478977515879828
0.366588812960957522,79.561604546703236451,0.797036726067340995
0.664999953089459361,134.471750977714606279,0.774532977128834510
0.575131903959542945,100.856526581656211761,0.899198754493925057
0.064499186844770393,52.161235773864802923,0.740579171693701133
0.587935577262866160,191.477029131082844060,0.610644309997120271
0.095216930344572112,154.245203101256606715,0.876487812732627880
0.514368927112843322,179.870181294932223182,0.617013721098672252
0.524038234805197733,109.899409701059923350,0.935854703603508309
0.939365576295302152,131.132423471088202405,0.921507637522350098
0.728308034206915034,113.153393821588210244,0.706023641996138318
0.969520513570215070,137.405338757139077188,0.726619120795521822
0.939211936324272467,145.917163787475999470,0.899246063193710476
0.695281670293020460,209.595586524715741916,0.588155534171931893
0.866527051383225055,169.031606625346825012,0.930333471373265830
0.674766894527563332,40.170058419818552409,0.635480608299866745
0.761298841419974504,160.894862966438807916,0.879584476252243785
0.844602585004243456,168.913377454125992472,0.733926481759175631
0.899815275404648784,198.162477961397343051,0.512026089868904299
0.571827153945919320,128.026568243095482558,0.832089952466067873
0.537651111284378702,191.094555203075202598,0.896734584236337451
0.623128884309592457,140.333195838876719108,0.933966984780805087
0.048045751220536281,100.810787077798522660,0.922314573555880757
0.338309006098494736,79.429817172609816112,0.546231562904238577
0.441926457204249501,58.682209255393061653,0.816476624903659021
0.301577365039630618,92.110050654850198271,0.705261801715327485
0.685811015121454481,169.748111715640106922,0.692085293643463606
0.948509313494099060,116.553691165685179953,0.990418266095108413
0.294166654949306661,152.815891576076012370,0.839319348875247506
0.932793078934824771,72.748069520670227917,0.684346018831615277
0.397501129146648480,75.400087673592878446,0.623511462584068421
0.335617281081478536,61.005078410247648435,0.766459633100753601
0.445137932904543843,45.684973109050069695,0.525943462871055534
0.679885302744868358,36.217678495106540026,0.855067125786991733
0.788672973195992832,26.479185166347846803,0.977472514625054023
0.736952404902235569,117.945741770784962910,0.731780891322973082
0.876726420965052711,207.427588451051747143,0.826971059782089735
0.878089392679636482,157.099786040251018449,0.911877514393160671
0.213374436729124789,69.090714241680558416,0.548766959233378371
0.280582518304803963,50.005554470760472441,0.673779658151240524
0.570069827083808933,113.578581009116561518,0.810999650092228519
0.583696769464951193,159.701353252881602884,0.538954476152563200
0.476996027766118325,167.425168350502644898,0.905769012127652484
0.110016086232711321,48.018767449252841573,0.808147584808378783
0.247953101648095586,188.808018071833174645,0.812978420258475554
0.823735351526375892,115.052496118901132149,0.727449426683507872
0.781578620058595686,192.161561871933230350,0.544560805674218940
0.617285280114823531,195.336767420863679945,0.656588267405346704
0.771901110870035101,158.358729110553127839,0.969280292151843970
0.466429164417824837,144.979515818702196839,0.613560635178111213
0.233198060199749091,122.038702906273940130,0.840763028062517570
0.674165218425895052,97.468220013319140094,0.533964946138761998
0.841419485604549044,166.816743302898004231,0.771959431645673155
0.624843939520855152,89.613836567651745213,0.994846238987583065
0.515320011796304822,126.555172030657232085,0.930348427634302588
0.547440647149543436,200.615009531732113146,0.783268487715221506
0.123371954850343815,65.146491030501834985,0.607743185067332270
0.170179800116000896,32.701298820555486202,0.524694449843468358
0.626496362806634566,75.061511471868954004,0.582928469725523812
0.595254584954349797,178.913935070738432387,0.944770117501983364
0.848961740097065598,204.026409370625572137,0.875939576677571941
0.823282996268808076,106.549866324439562959,0.700466406327719282
0.612582260727674188,90.936097158835409004,0.935030056870464810
0.318391764796777943,178.665148791867068212,0.683609449280064951
0.723446327419815405,38.027844316950456971,0.808648586592464191
0.724397102301659213,127.631494478034085205,0.560101561731195297
0.550072973815326938,176.245380502924660959,0.780352895876792241
0.681054536416087375,47.672739549943891291,0.938388490199362213
0.364381528481997397,183.720028857719029247,0.761338608894740476
0.694615994341681531,151.427473964874906187,0.863591120508591548
0.395395182960639746,139.916923918698614671,0.827473966268453487
0.718697900294804848,144.707795486453790090,0.813249022365782781
0.757843093553956848,45.350219218541703015,0.603226072763295873
0.334737669655376768,98.009053994611946337,0.864050048332543952
0.000602336859407431,59.402860234911656789,0.723963556304884071
0.006558416880843717,139.729563376649338124,0.671073651014035155
0.490852240817320373,211.811297406610037797,0.781934257040655556
0.017355447737002049,37.575500421244605320,0.735050275211911130
0.801239955430242068,116.102095167246190499,0.944344307037009001
0.702601107080919718,219.887313514503631495,0.575587179592801035
0.894209626831282467,219.376006615821268042,0.550007777602402714
0.085750644673751153,192.377432530683449841,0.888145804135877626
0.612934841923609919,152.046070975792957825,0.806295841238149569
0.831546161064581568,110.513385025678360307,0.977354577656288859
0.080799545017371979,212.652281442192219174,0.916104012603712770
0.434486309470861642,52.962421894759998509,0.947912636353707705
0.270493988808930552,124.186191512749402932,0.664531075824450035
0.288980654042755358,68.355639909233062212,0.520184877440055260
0.526956402122471301,204.911790177753402986,0.627997173746299708
0.860640865210988815,78.088853307790103031,0.701123077892676028
0.504707438771446193,189.191163864814342332,0.969727590514710913
0.803326010034548066,106.579867802899002527,0.915548769473870205
0.546821871274728921,118.741761951757126781,0.686917423920372250
0.358659080785696471,49.434289743021153640,0.769100186954067566
0.221246472842419134,126.555042825695579722,0.817093840937161309
0.558749706155849957,243.676877698466114452,0.892463915896215321
0.442169761308692899,60.194267160148285711,0.579200858765946736
0.118583511988673868,183.891771529547071395,0.961171425496236465
0.726984712096925501,213.160208749977726939,0.713079056574464021
0.752422675016550246,169.966912373988350282,0.628224103949600376
0.025057646851639886,136.267819315969063609,0.996763637139636449
0.674287453408469184,135.288370152993195461,0.651312335956481192
0.554305583729676421,157.759431978600304092,0.533691715316653714
0.455006705829131830,197.109775226171819895,0.619250045062076260
0.463960246774426377,88.022321479238428310,0.524287141931518264
0.483136854790314874,73.617754997487367064,0.927266167949123421
0.579139886834040607,140.698256395220766990,0.846285456217476306
0.421630653608032369,133.684112857839579647,0.993694032551248219
0.257080810117921110,115.586724298318486603,0.918193550177305418
0.404765197728219561,212.480134593552691058,0.672585933237952460
0.335706593910535034,203.863685517858442608,0.761514691622838580
0.098449492058672303,222.319663561675213259,0.722895614569639577
0.314022605708162372,156.864276352690268368,0.794120219578225317
0.432442806497866983,156.006586748316209423,0.827734097267203706
0.782795585384908565,178.068709971669903780,0.922621798299182450
0.571566163792368465,127.518615885874893934,0.985803185279622074
0.850693845479876365,57.490870524472704517,0.793682911124346635
0.189269514455776638,71.275407743567939178,0.804780557526107998
0.486527751784609663,196.497635137943490236,0.800356726688841724
0.542452386987912871,200.606266216839884464,0.810509739309974719
0.893344118309150503,97.246745285295403960,0.808609034540274996
0.939107559867311315,104.748348576070057447,0.566758495798870832
0.339348918575270220,181.674795631302004040,0.519014997242916554
0.171543292327898222,199.790194263666450070,0.860990239871932239
0.141113216890188714,134.029694277968189908,0.567056331087812171
0.257559574498887445,73.798675185083411066,0.923280138813069806
0.335554233838582849,76.870132684580752880,0.662966618208327918
0.086542651337866455,55.274529796435061257,0.899841098204902101
0.473591059984988128,172.211748260235424368,0.617438017907099068
0.448294754290469277,163.941485114607871765,0.855332793709162598
0.566466361025928955,78.261021031477795873,0.810337965812236938
0.610775162853101516,189.065430075569167911,0.512502083595692826
0.493127341112284345,117.346781443020731217,0.567740757091638071
0.709907632786976328,88.233379659689219920,0.992650502815758840
0.761529078099669521,164.845189987399635356,0.727928442411297505
0.339012064089348475,172.734013530317440654,0.931923601834575677
0.814691273864489252,119.579058306852687110,0.814331870468552710
0.577478246453461130,184.429037788453655367,0.827041450018664581
0.055631913754580299,60.698613726973782434,0.849100240785233717
0.372426626506508318,107.281842216911670107,0.660111775698291936
0.141728157467272992,41.187874487587954775,0.562411482134368979
0.454430760198532291,152.893146890762039902,0.835929819172883559
0.442731039146822491,193.930087046883528501,0.782420945335005169
0.729443165322058218,136.118600212384393444,0.570284182831532482
0.704110270266293581,121.119680410840686591,0.910134053359746842
0.760742167244802370,110.487149944925903355,0.506026883328642652
0.259363823950961025,79.824093293558561868,0.604561050436794090
0.157402733412331047,133.427136325868872291,0.505781826122774780
0.719525382881288866,76.705064467695422081,0.564797539549536265
0.803435279836324345,136.662784365834767186,0.939634841274852750
0.638912259370168156,194.153282590007847830,0.607000569992524275
0.816015311941039934,160.251034240830506405,0.577310545868999769
0.984595407078842744,118.425869727413953569,0.794195698558559093
0.044960921840463901,104.784427297750553976,0.803705818163603869
0.066736239413200379,140.819316339669228455,0.846117761746534303
0.447246525220811764,209.459345043434552736,0.590000979972130635
0.667314309286048735,162.402694248647748054,0.934354047004805843
0.229668602320864723,166.920394206508433399,0.731891414720648448
0.501772172625662982,182.523514471795323288,0.549216219708104303
0.678076929323819466,110.764648839622338983,0.959146158827876461
0.509781397657655955,234.908788290723180125,0.748680624394904681
0.084033304229405928,137.816823819589927780,0.988871688490138956
0.822209717836655862,186.920327557509580174,0.504921508054348656
0.593565656311753842,203.500467017699236294,0.799426917956607475
0.554796301062280173,208.109498812748654473,0.641659088507168240
0.149038947626454504,66.446449006642993140,0.730132768931914589
0.104512317300818960,159.507090658173439124,0.954020045854278353
0.414018906791779495,217.419965379048193199,0.672344715213379684
0.191270930927854133,222.925869116598335040,0.721298664856579230
0.486150490327738549,107.181568879295866736,0.836609208873410282
0.107800346013977449,55.980585773427549157,0.925218597483668859
0.288011002667988014,62.604330325148239922,0.835462706687055690
0.517855974859795953,171.214698434862782506,0.816469436449370090
0.813500329678633172,227.120547035728691299,0.551198091077879093
0.696155093733953567,181.445317972129970485,0.824220884165192791
0.965051581382263213,100.555418329434843372,0.928061499125372502
0.624281212240599515,177.082549421173609971,0.501346833131380731
0.654565217321448345,48.163522064171942816,0.684512341553164205
0.535184981353704514,109.798116126103082024,0.827894022975325439
0.623709455429097948,96.235997096923000527,0.753228559589981250
0.777757448927739681,163.649659953114849031,0.677819745132197449
0.523945895210174206,84.781911897123805488,0.681220323254435822
0.509716529526810458,98.095652069627320202,0.750258767159467488
0.929003014053107257,179.983526961756695073,0.644509574419252829
0.828945608467721806,51.637733162952621058,0.597333500851143451
0.411220085238088728,41.127459237154290861,0.873855365503543924
0.878299041557592974,152.594775847642324607,0.823329764896224003
0.699729886555435665,192.943050114102447878,0.570332317533635780
0.530790303912407668,192.097196879044105344,0.518316900868186825
0.729502310763838646,58.268307250645236195,0.528645665952809818
0.269720817092821863,28.039490323769644675,0.733529232624215655
0.642563424879999179,76.298168085327972676,0.536764289391411409
0.616749444502954547,167.823125338259643513,0.988076775664231355
0.249326273806393550,94.641983047250661798,0.530783960238265906
0.820108081698460611,207.943218295624888015,0.712957947065717468
0.825693948483980811,104.096401082091489343,0.889515158505465253
0.559567578548364697,197.515594612662255258,0.764481546544852453
0.846592602893636803,208.157734403337940421,0.724526287684756687
0.664618138115904089,189.966824938313635585,0.874768149289654739
0.907080611832962846,181.778533450317866027,0.773785274861081396
0.146779718826273248,111.926849896402487161,0.814787398490327552
0.331586660019460300,54.526800839926430342,0.934344370721381878
0.941534847448417644,213.697988119492606529,0.570297451467564942
0.383543836611419220,31.209830646505793084,0.736443650978773068
0.130336276799919659,62.959849139086031755,0.699973219973428540
0.386758268177784637,182.661005493861210880,0.879900311058858797
0.042817089264541211,184.849254662862989562,0.877105190506552779
0.039645826538099019,36.933597223124877473,0.884400904066240834
0.544140841484423099,90.160139338757971927,0.684573640620803392
0.286529717701819453,115.156630311181473303,0.690622544088499879
0.397589353455478134,53.541574787464583096,0.890153560420412937
0.885404023882859326,109.803933733511712489,0.706177839970733801
0.640729971175273749,192.732332365550121267,0.803822663882944877
0.879900734248476590,136.903670980038072003,0.824474251141102843
0.520843912728461089,84.103241419469654261,0.966369216706187473
0.305435598583136569,50.186695949268177230,0.798247929233984577
0.276256287547110568,172.657548951862395370,0.736074652981862365
0.443030054093358605,158.488531639275947782,0.988671828201721503
0.134073870118825877,43.254198642091850502,0.671283560608236129
0.142220903054807057,149.795712940457946161,0.987943711153387527
0.101995714390838807,136.128848341619232087,0.558411110503167496
0.279651233733369253,174.973275606635780832,0.812538750124173426
0.242765443857029778,33.387860313869801132,0.876011871591019453
0.060881796018527619,30.320240995286471986,0.869440862623360289
0.226302846216019288,173.377734960769004147,0.584357083292017854
0.159410013334376099,203.412738967626296471,0.737498078134798840
0.906952422993424712,162.753786866950434842,0.505260321949157709
0.292250131988953554,216.095807924741791339,0.594589230751998987
0.100977895456937555,112.315822965224370478,0.952806823169908723
0.135565023591816020,203.197561585621258473,0.933247796771711102
0.697696456653011610,101.913984243045902645,0.580963701865613524
0.655539565645111511,82.468477190160044188,0.891992110826036022
0.712602601453321882,125.354163360667484994,0.756384806816097988
0.432092505639348146,137.323646147151919195,0.647646372813238003
0.858902059835095044,229.643936761875636421,0.596323258829701941
0.000598469199417309,234.637047486290271081,0.768643350630255240
0.383123472800003029,173.148612329326908821,0.910107218053704425
0.580417589473331441,54.266993007498832924,0.921706487297512145
0.420490268888791763,231.594017121481897448,0.773747890980039266
0.051231353213746514,63.045574671570449254,0.516817040310491582
0.041690959367365082,110.543938226585609641,0.522214442946371760
0.238783789904410987,169.565143348591902850,0.599566524624239761
0.465487464963800002,81.966102239879134572,0.866008325663701228
0.192041042467339829,107.052995309001090618,0.683243707204761130
0.377129071903202773,62.433320172590768493,0.852653323795316886
0.955511969317737520,177.421231402752823669,0.533700956807974802
0.680803192752537090,170.865118955402834899,0.546666324819076621
0.229418314186501604,165.714504298058784570,0.833638810907746830
0.856066147343899075,200.580829433903062409,0.721569730151922495
0.787642243599538494,126.526108692517198051,0.972825996506478052
0.345885218070809797,41.302293883298865751,0.723517722512851069
0.559743048369162222,222.941408805194555498,0.611582655619816395
0.520045177582854956,42.399064662025260475,0.585028569385171560
0.780621380895240691,171.631324121599050159,0.658803734153335596
0.242330494082380887,189.522957462281084418,0.796602467191592556
0.676671593779182290,130.390713751596564407,0.504133076158079785
0.812845477104919611,107.219950236451225578,0.992790313185499596
0.636592804270736723,111.350359900856815898,0.559401034764204108
0.783211850300606138,64.640518177088551965,0.730637080044990173
0.864200195439241758,76.271333698890003916,0.986208496992445394
0.138915370283096334,108.938413593969855242,0.765607854945524857
0.952691937893519358,127.892469800921489309,0.716546192383934910
0.695867324122766862,124.591393892651595365,0.973957253073654661
0.290271309935344390,97.006118043407042251,0.947645922991741663
0.116441783961252307,204.027422134247956365,0.737657364179368225
0.901429229743184068,183.745526779044865862,0.687859086572180312
0.382155453206568185,172.563475353252556488,0.531672586321449869
0.495285171543526970,217.085977690716646293,0.530986513566248819
0.572057588439268239,63.126434218147494448,0.912290627503007601
0.386516264971292878,82.654578311315646033,0.667218779468012446
0.284846648413289272,92.590941060359824633,0.934216949366930671
0.948430566618140514,76.412271173577366312,0.840298150999041149
0.197735439272084507,178.140201952854539513,0.835275606921091263
0.630695413409113947,133.401486990771417140,0.784330644011787870
0.353272229900693679,66.644474101923947273,0.907074452585130642
0.740701054582765361,92.925772497635563241,0.995234066520880534
0.802443811387304140,99.020546459785677484,0.542708908514467403
0.869690272434173739,120.818644304577958337,0.681808023668608598
0.026362802023861407,82.795878348300519178,0.695999961448485416
0.030887086093647459,167.949536962004344787,0.928504097097868186
0.189791969020976198,72.806470186237831399,0.515360338359208470
0.204010751586324784,45.073250622573944213,0.716776561520471867
0.610622400253921227,72.337829100286640482,0.668788023217070871
0.361169378562312682,171.274996846967155761,0.895248959220278695
0.464705546684676396,50.172849594233056791,0.633936531830959438
0.667489926401794165,81.678463864143552087,0.902254708753736034
0.118447261757126873,83.918989425003189808,0.640338809077569682
0.563573909680032625,192.199950336701192555,0.876071682574459665
0.850597085351454618,103.730335389254818779,0.734867930690826232
0.466341517806322214,78.183975079033430688,0.625826846217637622
0.512704784706371708,141.918435141492864204,0.982501181856941130
0.001531205497633660,78.031912722605710542,0.947682879971177616
0.684073654258099073,80.640599137072427993,0.938255973893831086
0.845491245302324224,174.587531521591699857,0.872294316183181762
0.482658547215726874,211.548162507943715127,0.661143537227674161
0.520581601444971565,81.239630799432092090,0.677836728325093230
0.692508167557876364,82.717157631919135952,0.538282442905154479
0.907032110755156329,213.480295242642313269,0.666012096363184147
0.105776566484771004,149.592640751900489704,0.703083921740068285
0.687127992219102479,182.402899002741150980,0.768143695968101614
0.272304761337210599,196.779288477648663047,0.677714568759638647
0.588570142586150480,144.511976913896376118,0.933409488194412384
0.798574516381082677,160.903982694293347322,0.817586453516476186
0.725354938629816814,97.350503331709191457,0.676753015183913620
0.068924956518334218,60.731278324735662011,0.635830992577409493
0.027511763168183819,191.123996748032482174,0.809141509559502259
0.538065075685696503,119.198511948612221545,0.901953298605406073
0.830793796461944511,142.721759375011629345,0.639355393410374839
0.765512658743957464,218.050468031149108583,0.510049071086360550
0.245798458091187111,137.966874882047733308,0.885095069051624828
0.775627723447988804,165.398681866536776397,0.566273020862588683
0.547932973849669214,104.774205821986470255,0.868404908264498565
0.737085050660216679,183.735235335199604378,0.674963772095531600
0.233297258147567022,77.279225068754158201,0.689129988051948139
0.548437353319465526,105.956187631766965751,0.620103704895680230
0.123501434328399204,73.601973259694077001,0.868153047736585304
0.318650388011186891,175.600297073078763788,0.974186038827499767
0.561029265636424190,114.833905654469575097,0.511117811992572113
0.482196518103757688,179.553769514313302125,0.818575706163845229
0.179630043823967522,210.914778845189630374,0.806080213175095928
0.834981180113478216,77.361049513828348267,0.907685199081101901
0.781790899806845574,177.682227993104618236,0.960547268401012455
0.068940211176490088,36.924980245656954025,0.587920143197502854
0.746761078684148982,233.714467513872165227,0.567315256844862947
0.752486169761991786,155.386240883047520356,0.681950648105914103
0.320673478856213001,188.918535890094915430,0.670666210351501868
0.433643430363928495,199.100655378966678200,0.761731434765893334
0.134202183214226056,226.388297964476009838,0.684072196208162175
0.759439413110646555,123.966280813908809932,0.824127703781742382
0.679395790965878876,210.017285981088207336,0.570278339594829209
0.090690492405592571,92.225355821089550545,0.726624237017246655
0.200027935647868582,168.131525570927493618,0.741344316091569144
0.568238441511272896,103.417093892225679497,0.725621056921760932
0.648457974032691675,44.940258118111565011,0.818866597742576308
0.769629124378835905,179.920124653981019947,0.703313657371607448
0.373921557247912428,38.091172213443819317,0.889551745967744445
0.480724139495573188,120.162828540627685925,0.942182283896044748
0.236470288846009541,46.332901382192368089,0.557380520247330091
0.213130069717727327,172.944254201922490211,0.550085021891109749
0.732427560307983394,193.028416954435186881,0.867035141544757582
0.508786935286569708,82.289567958451186769,0.949979556928931324
0.656611174877026804,207.063137483071642464,0.576625568927732424
0.159575179527662619,137.295749384948095440,0.790953578713843863
0.385945123982856908,58.424934818837492401,0.975175280434088965
0.851579361413243641,206.107001356752959964,0.511932033163541966
0.741786139390070876,38.534456454031122519,0.913858003611398129
0.423347290485214245,141.909467235210144054,0.665883022462943175
0.553155378108202145,46.558408579660785165,0.820650925858887437
0.646768679584328376,203.974312696175786641,0.828051155753280588
0.850011173105544193,87.551950732706174563,0.986935943212907341
0.525821267525806713,42.118430124161605477,0.510343635625141068
0.811556632285014623,208.430395248322042789,0.725531123899871622
0.674853962432792831,204.403778007918475623,0.882866956632282429
0.214037045404875725,248.017434180752104567,0.737956251442294597
0.036452036484187364,92.485659084938845353,0.787357349053352529
0.444848477050181490,208.747656363087600084,0.581807655822266345
0.005466606637680702,200.817229021659500177,0.967303226308981356
0.582258930204676561,151.665058883543423462,0.864538366666392610
0.592108228980940066,117.747024757259467265,0.512245579663714534
0.252663523883257524,80.821926672573667361,0.797464423310593862
0.400428457757673772,57.308385665912247475,0.773728016241520433
0.478247999775328725,54.822292313114459716,0.639732862039217753
0.905194910621150872,148.554593893712819863,0.595196292107677771
0.901108600665120774,202.858988713777364410,0.849191141548060857
0.338288798581844463,72.065658739754198336,0.903930421697727637
0.705650003394833969,49.238221518994883752,0.515001489863409323
0.681888599143542273,217.549467407917177297,0.804095985295002813
0.173072369171081680,57.233705109778739484,0.636130492718843477
0.800069030740411247,75.946227467699259250,0.806481867289588927
0.668209679180176597,91.366028574083514968,0.545451998756956824
0.057208904221703959,77.239536306930162368,0.926845022613564495
0.432864296732172305,92.646625978442813221,0.871933918118061868
0.336662056562446022,137.525441489631845116,0.881604151546827808
0.406656629685712478,176.994956341001767441,0.892238087917414102
0.661347299778667796,232.397373710311399009,0.614443242476501506
0.705841766404665338,64.909882732372352621,0.719422859738304110
0.610442388862342811,139.057042488182531770,0.965595553339451129
0.399555053363906842,172.806302065757051878,0.627813807165464310
0.465444517584116646,213.292504798650469411,0.609699264454612311
0.687235840690991528,142.315087625183707587,0.622185178139584738
0.412473493122150758,78.915058967696225523,0.886081706823702353
0.421666124527780795,182.552072509476886353,0.963418992611387859
0.623769596240382529,204.385846392216535605,0.851232402120349674
0.830836977618924721,149.168594060303803417,0.635133140324378842
0.054065757890366738,180.350225630665107701,0.825226253841183088
0.546360958829366750,167.457742672581957777,0.790972156505997059
0.703688238310449132,139.097007514181285615,0.590298366538788866
0.220274670151173052,98.128040274399126019,0.530079513093704824
0.857257547202760706,29.734390977505533726,0.557376903032746895
0.531398145384742615,120.536326093267845749,0.554224112577818007
0.682599842738429774,36.871300769006765563,0.813467080820000854
0.569062986827685080,154.595376047864675684,0.547033697066878322
0.031294228848468907,205.137427184943760494,0.844220619655991822
0.574204528416456861,58.162202911824010698,0.889254753243124751
0.441845683506163989,172.470260555567847405,0.838373466453482430
0.570075777567195185,61.305933208254600686,0.968445243796292710
0.044979079597982696,38.051751399478639826,0.887597027203705258
0.630253253642277245,28.163073377639779693,0.588163649187323334
0.136250745463166900,73.685014302275362752,0.945271412881076634
0.699905932928474472,180.493278753888773736,0.615549981091955467
0.347963824391545107,162.766467208462245253,0.951462446541126106
0.270118729396598478,59.958566026614718680,0.585635531127099096
0.453472046815655616,165.339596595760440323,0.562882497949965144
0.312425599247130592,109.479061312341812595,0.989759519496906881
0.085049468931624475,89.720988281253369223,0.670644931969337721
0.052061433400227959,155.261425128848031818,0.655769751626076203
0.359694513681138528,213.114857850442433573,0.510302619294394244
0.044764954218297480,146.233100843679437730,0.799232908397796260
0.202610059611157661,155.854889755883561975,0.652462332661140954
0.407611742746795624,63.461227215588571937,0.810707390534661121
0.424708250781469843,231.288033627236558232,0.764385938808061827
0.896977627736948002,103.460555672420440487,0.569332285865890686
0.656826302421561925,179.495106192385492250,0.639875894911660192
0.021289944786341074,147.422479794811522424,0.847389498979917333
0.257014383010247149,158.960079008455579697,0.535833276470045416
0.780359486442653627,162.584436060467737661,0.778714615353311990
0.620622239909435769,138.467654025449263600,0.952618979583219616
0.493611202278550876,199.948660058024330510,0.858423293256647457
0.829300020547685257,139.361979912694465611,0.513025777726073384
0.750078666573098185,135.115015520276841698,0.932779351656105149
0.648706693470639362,130.371382819772236417,0.887428408988745310
0.580566351699343453,79.564136644006794086,0.721157674918507796
0.242882044702643629,78.040791840626908993,0.896679720277644754
0.329280837782385316,168.719488353336458886,0.843050152464232871
0.231532307390614450,61.794149097494219802,0.899709071363105961
0.574472224693768907,89.798205205562965148,0.917968055433071140
0.595090162808631140,110.812290791387965783,0.787491289294811603
0.497275837901198225,93.420340411302149164,0.858441535078938722
0.482037687330857445,161.956805350562035528,0.690817959711512608
0.809403936290824966,32.836049934854983690,0.698341170911393250
0.557218021102776628,167.085220242097847176,0.909708920698558354
0.509700186886811069,87.059435930929240044,0.607254825552771771
0.359433831773501966,170.547939935151219970,0.609218037400310553
0.814559596587728141,45.194632093285896701,0.664631085411802713
0.603459185069016191,152.146500252027863098,0.982956222178333228
0.558744858510163867,164.023952045878900208,0.797527115585757840
0.323972830869368678,146.392387462607445059,0.565783873761920741
0.030605226086856716,57.168612543372553603,0.897348634549892443
0.297213067957441845,161.822706723972345344,0.927367797113912706
0.370021915751366948,47.607839965211617539,0.916989841206883094
0.299424580100779603,121.822755838951380269,0.756820489745749114
0.242022833460480785,215.849173340466563786,0.868204287725478308
0.830996708207465073,124.290294003071849716,0.569300460480004933
0.387363958937979036,200.631381318936035996,0.773581716381444240
0.531057863994600088,156.972883743959243930,0.884656798429458435
0.969779387522184066,69.251546334522089410,0.594938829645991318
0.441569522348908727,156.798869226670461785,0.513162823655357592
0.702851626561250886,154.976097580349005511,0.657151849161902279
0.832387871867469320,52.752103970276159828,0.509991154376457256
0.280694011724147929,128.482744997613735904,0.894021972759516004
0.184015764938115861,135.602497753276423964,0.696274263772958535
0.688235877702369492,111.919859917716976838,0.689697630293638841
0.024659485703855000,221.529976574894703845,0.614169964740985730
0.414885836835869992,31.607878998262890491,0.822689269045852822
0.158568228577527115,62.659449444306552834,0.537678723060120101
0.279875065176666937,126.476076499898198335,0.810141471793517254
0.975466332103868350,119.253671122761318202,0.768182835240195927
0.557943544832925409,65.382009888333357139,0.917924927283082948
0.732067494654537354,211.644003804502318644,0.614701565299232922
0.668776068207837970,75.329321605098769510,0.803306527777245316
0.480856607972481365,90.962172971463047588,0.823842900139009182
0.567947342009977540,90.415084680885755120,0.913064038179365767
0.837988566970084392,199.627890309554203441,0.808990869361097875
0.667967206550072801,232.665603288628062728,0.506977539326485704
0.533417364429195962,144.519822068749107302,0.895232360034921237
0.939000614122072919,114.469308472792576481,0.894593601400512028
0.552243207957783366,120.082340118282715480,0.592772318597415304
0.905948866213209358,165.669268260293421235,0.571775078282460880
0.624861968124624689,61.155015082479494026,0.723754135123039433
0.972883440877989170,53.640114665991866616,0.529072112821483476
0.153949840094102230,69.421941588505703180,0.557290029720543645
0.431704668006565206,162.545971302655431145,0.502941936204386431
0.294388443040095704,210.568365901082273695,0.555105331100182120
0.683648148276997158,211.893248223946301323,0.706411333174931766
0.457396304348022809,218.701399893164989408,0.531410863566360581
0.629266839298984304,142.333811862077510568,0.530990304441849026
0.169728221364483317,191.753605786674683031,0.688562054875009211
0.962360202127298892,81.838283453613982488,0.863465092805741352
0.615706867674987390,173.475336544009053341,0.846632644746530438
0.569325245145813064,189.794787248776884780,0.830127554081808383
0.898691305054534539,130.668039689139021675,0.519710121122626711
0.472218274119192039,168.396865916645765537,0.799383143011810127
0.852031139346134725,145.244250087639954927,0.875896454345449715
0.128279778378277004,67.545236487216527621,0.850609702292748016
0.611644745340752194,87.901662391184828493,0.895877951120416682
0.079948816835948802,186.708647945747060248,0.913347199956717093
0.002509088494239254,209.522866661121611287,0.776144816495656809
0.814828271406940807,186.205392524686374145,0.898464127308290506
0.535427085604719744,91.250027716047014792,0.565476968593544793
0.603040555309980575,76.127059481421426312,0.680487876953335347
0.460148309093566521,91.084695446787804940,0.875327463412813978
0.557029864003285580,171.514748471591957468,0.735671134498452228
0.505548946803963672,44.702188288265674032,0.636619424057644268
0.918926010546191940,59.525698259583514016,0.677847235657035085
0.463577716035011467,190.990120063478883594,0.938580000059881514
0.474615048163736231,104.676331578557679336,0.950585755980900338
0.516885344788451384,171.400363927898865768,0.563294463586524241
0.511445413184190345,141.328110537428983662,0.753145153560989100
0.554266025469407397,138.174382468160729331,0.542194702921475757
0.578454096386502581,95.146297922029802407,0.704697521478532263
0.199859898787284912,197.975288607437477140,0.890028745739821270
0.283995872733396770,93.630183480300658516,0.564452017602313783
0.846311089149014761,202.720074965126940469,0.511479002539956373
0.881211328119709814,80.973536318343761309,0.715158501133508984
0.142346527268931905,175.850232468434796829,0.737883800044040639
0.411088506316952373,197.161708132801919646,0.786927957207339435
0.432247626711226796,140.812735396664663767,0.612226229188217896
0.628738741900665365,98.116599388578350727,0.640086556450696564
0.182511311849982705,70.626301766942930271,0.599491134695083527
0.683454833410495288,119.418629183319865206,0.932959299845855128
0.531345883688945309,90.771525423015276601,0.895576727097205927
0.051348191324243793,45.671381534621325216,0.702824505534025867
0.467725962498209025,54.532471643542216100,0.776840064319547219
0.812564958285824424,109.054093292109655522,0.988688715095482951
0.569828489320108100,174.716252032878259115,0.633925994383308766
0.398147185847845364,145.582934536353633348,0.935592926698070371
0.545532366296461846,211.744629480411987288,0.737593011989030711
0.856839007249524220,61.074220986259966537,0.666681185489136130
0.074375547142689069,215.358962152162064285,0.614955227317694142
0.740810178136886988,156.590429357200207505,0.559050271771414198
0.318393745074668999,219.799299544887816182,0.731890267843761100
0.618347763725720645,153.862796846385890603,0.646573706054633379
0.647484953953912257,114.347481998517736201,0.788564525139484385
0.220404031847831638,112.335294408642681674,0.600118588738426828
0.222031353554400429,156.832934507334357477,0.742780200326229711
0.471107744526757410,189.449338334153736696,0.867692648475721140
0.386988241077342310,126.114982643039780896,0.764711713151600581
0.672585781231849755,161.360236802600013561,0.545660239965874982
0.187610997833121296,146.890069818685873315,0.581765630951352364
0.368487895637175544,149.747715745590056713,0.848470563755979512
0.572540948395707905,166.848053845324244548,0.564126014780688911
0.811499792487569205,31.585338311390970034,0.561764113610425331
0.865342148966286473,219.919828464309176752,0.747983416959878356
0.388918199199993264,155.664675827098534455,0.820937827128844333
0.526961614739534179,91.416689939309947022,0.613836712948403251
0.131410293827119329,115.764098507925936588,0.831596504470564435
0.963830863475080291,170.817773332135288911,0.870862105215850502
0.848494199626255940,67.848863187215926018,0.518894558562772557
0.817839959737154953,110.311022086708334200,0.863668990824540517
0.617796335213089742,47.532331380489424077,0.540449598266305675
0.452006803506526944,63.752487881366604938,0.673890719717403996
0.909410061793073599,156.505815280718564964,0.757344455797930749
0.906995390153516046,85.097152488690142036,0.971810577409204956
0.616659417611284733,120.828348809599475544,0.679148960428228587
0.721610404311106679,143.433788560177532645,0.511865057422660752
0.343249739040317858,130.366650930514140327,0.654640384920317842
0.497588955391247145,189.568039613375617591,0.683474770110345298
0.495218315854905999,172.171969581378903058,0.591431773981053843
0.276836700349593678,221.858647930119218472,0.740737598206391290
0.412386227572739683,41.832430324376780106,0.629299689176381793
0.930139167278158818,169.321989017454171744,0.603130644560884943
0.754066761072201275,229.378883866308370898,0.798024640428026677
0.904020780965978599,107.887050541434277307,0.959170840396552427
0.122882504250014943,202.085951269589912727,0.741093167751017634
0.720960893895835619,34.451944964062398924,0.918535402484924046
0.844204397357988912,170.092184262486171065,0.612497837929261935
0.693610841143560419,37.848536969139587427,0.823001376627570447
0.471166100944239830,102.396455419103205031,0.636796605130149351
0.595032798484456227,42.135793969619271593,0.969932504250911931
0.932327677900309126,69.957853509125200731,0.889759697394024274
0.458270245133095777,142.927335943247697969,0.914990761265759955
0.068874696838823121,242.419202079905858227,0.871282350503618686
0.202156381196103963,132.167405704763865515,0.532403350598152802
0.346624040773714504,193.612640407880405746,0.682725402825364869
0.762158522867790511,69.134178920967812587,0.657451340830855102
0.830465283843344060,99.019709824375070184,0.533512649564888974
0.429135979625354158,109.631156659000637887,0.864036469970429821
0.286862298025383711,142.844847029392269633,0.771039468384566384
0.389655220195979424,151.445816276091932195,0.725266341366360034
0.755116856878851883,81.135644067347627129,0.945272656922327092
0.060300098911098964,95.357714917607765415,0.509985073842009307
0.818931343672929080,133.829478239557488450,0.962196469566190649
0.876923524428539602,178.051997953715641643,0.963543396742895464
0.138357488876908019,30.766111272825792611,0.602321609077778097
0.583485133212923723,191.179312827640274008,0.946840034153138888
0.645970463784399707,95.272920076921820964,0.991392556616119469
0.118575632429180455,192.665490393257982760,0.718513278921726561
0.481686270918546600,72.036686323303385393,0.965629649767553166
0.947881186749991222,180.403490486124127301,0.582126061017482876
0.894757064067332686,117.051436577605869616,0.968254495301247964
0.289465691823583948,143.778508473650418864,0.636620361146696179
0.509043220400236085,121.607319323890635587,0.917356513531548901
0.380648923926415972,53.549718256120129922,0.835493292469453142
0.385769407801427877,115.203516981043264877,0.952113617030436066
0.412671341721896900,27.747048721526098802,0.771643331270731370
0.245417485539720232,99.601361232825937009,0.850666443614334300
0.779137938588148948,80.461134369174999392,0.513331304275335798
0.495183340241752312,138.960549527881255472,0.951930707415090227
0.621575345471649721,164.626595669312592918,0.802243958828941839
0.270493988808930552,124.186191512749402932,0.664531075824450035
0.532582205330040970,38.104632776614167256,0.655421388745464628
0.247433807038216630,167.523582659388807770,0.722120470316959806
0.783856064591099244,80.872059634818171503,0.996892983753787210
0.792851725476250269,129.632975953905940969,0.865525607834756183
0.252530711225056104,32.635293459375169789,0.564695841659589304
0.080454181477370032,38.328054247203382943,0.808196378463962861
0.576243966173063615,199.774657716257365792,0.564204271485836073
0.470960503647787909,152.533903704327229889,0.808886941554255667
0.902671738731007478,177.548578311975177257,0.919606581171084292
0.837708439992564835,210.863699611561770553,0.568956965868229525
0.586799063948296395,149.383837934549887905,0.724013881777339829
0.694763323399584576,32.478782903368674795,0.828543464715540079
0.406275604349738417,213.056000112006643121,0.548479885191075489
0.611447214444607368,206.808172807531434501,0.589049698724792403
0.216651625390342717,177.765598913096511069,0.736207486938008415
0.332014130801585150,122.817617778565832509,0.826680832405534471
0.919356888267301220,198.519859010071314742,0.818855949398630711
0.632740269307979553,158.754522624159704947,0.695717326157275440
0.810778726777316994,190.224651555615110965,0.935461865977383455
0.424773597699957983,117.498869662192575447,0.900102960592328305
0.869425136806242560,53.756088680124953783,0.743590037598433118
0.334137961285300045,71.638078615194515919,0.603775951035719127
0.664452762539644803,147.540131539743811118,0.975648214167602390
0.898727813974630863,59.164683945919207986,0.866778567950768020
0.356889337820362418,58.477650622141176484,0.827451521823560854
0.713638436597369474,65.923741869038039454,0.902901223623590932
0.691191011626899998,176.143392704662232973,0.696849360991180000
0.920288357652711553,108.300081539998899416,0.840472456559381298
0.430270738540960929,130.646841671252502692,0.772721899588754146
0.696543277760046320,208.175293379900494983,0.800608560155702920
0.930018054144640560,240.882319777519825266,0.964071859138504461
0.331106270587773033,174.002095463504076633,0.546676554010130378
0.508836061486784286,124.296310614181734877,0.962195180285941198
0.403365473603011060,112.465191645658848074,0.746036305509814479
0.046189898379521914,108.374198690997488370,0.734171041957513593
0.280995029613622327,205.657941650004090661,0.853618860547818992
0.691348971319606154,233.391467501215714719,0.906472245794799680
0.684920728745909591,171.997172414891338121,0.864582880725085268
0.395114027049131677,182.440879424589951441,0.804236370259937328
0.454394510095921522,30.872565823871759960,0.661630203528317140
0.192741705634674687,124.422468312199853813,0.657069552018140102
0.190784302594684096,195.086049550190068658,0.682848505298040198
0.800976278843141376,205.636005193933812052,0.711270716703360062
0.887376035088055515,103.176783832792651197,0.514839613132562102
0.077522372546137142,208.850838551950374722,0.832546894685709304
0.437114970309603834,148.196693430030961736,0.798844794629205435
0.844383762458711384,130.751390867849323740,0.854914750488544817
0.113156575228679959,71.662152647479715029,0.931024277138602030
0.566122988740953681,199.329850888195068137,0.532431994943927567
0.647650440093966107,113.446063856691296223,0.898550266344745108
0.954915626408739726,197.844155810483499636,0.640620387575545402
0.816400578319881665,62.157311187508874184,0.721492837391530695
0.511150647105457656,63.583655272083447585,0.971874310411060427
0.725920481220222014,185.271237770465887706,0.960135600772397346
0.525195968904812460,43.771396851553475926,0.900603100835932424
0.829665025530990974,160.542320635190890243,0.715570334714768608
0.701017029350987753,124.352025137054241100,0.627174105767453249
0.746815225924091886,98.448767846417254646,0.783502281740877660
0.054198535177837848,208.930128748449618570,0.505397798893768457
0.661450449291422826,35.195942503217324315,0.821873878721572693
0.276042359940205762,101.067704542605355300,0.535536623264828537
0.814171494320483413,243.834998050255762791,0.755979727421454473
0.614298012638721525,141.750142879572280208,0.661123122916642325
0.252656508840506555,191.966531144518711471,0.805168115993794786
0.305450324704478859,150.439685250244593817,0.514335337642248813
0.649280911671490046,197.535037530841577791,0.859569463757492214
0.565992039641588618,100.482159318922597890,0.879898079685512924
0.529447234319264104,204.201792938054609294,0.514398348510377468
0.375659890206058000,112.209604101338285886,0.920089024449087800
0.123833045365145042,161.598346340920130615,0.863304183051507135
0.661569356288553290,61.804901100921533441,0.711483261873477879
0.606512088585663411,109.349949071058460959,0.664390929819438258
0.623136881840702483,78.177033711080412104,0.893399154798363515
0.327266431677034009,71.167121271297105523,0.684669133642946570
0.364334456318873290,219.780450624404664950,0.511429180641266856
0.174461768175769916,151.331760015545398801,0.817620326296801148
0.503724462477548540,77.577579790374755930,0.954711642383200276
0.892024006389958268,201.285514209712658840,0.538474926979926716
0.778681466972620862,164.621437629180633166,0.994111944174833617
0.517365346203073173,200.962323880202603732,0.639853141059376851
0.918686523225644147,173.755312882168141186,0.909235128248546465
0.012680941491781469,46.230396711329980519,0.946709435961112789
0.274634465567371533,42.345583955731569858,0.874495740351479478
0.773097164933578829,181.013421091313176703,0.714305799369349459
0.361516358348643263,92.896736546497891140,0.965524195866013901
0.683134162776178000,230.308590796305026061,0.737153222980808209
0.718372618866444879,58.983219102907391118,0.736577762992463470
0.994652459225879304,94.023366768022967221,0.629811074234144508
0.558736154145881403,172.534159616021838701,0.819004661015326096
0.303715600050515455,153.040616901747284828,0.523033962734277824
0.759410933335951888,144.716252445393678272,0.971834862327696669
0.395166160813213097,214.298541386167585188,0.751796324522529202
0.851628013764118008,193.220036969223315282,0.531220811345074595
0.488837202468055343,66.080816823063116772,0.957236475617520233
0.090430162401798853,93.888154999032465753,0.648638792971161338
0.364084647493406244,162.657189719935132644,0.574292795458504202
0.408062902273887917,130.633821441152406351,0.889256325157331440
0.773510748604379850,167.560429200989972287,0.565929882863178690
0.401117282758319982,134.827935805920873236,0.600428958946330638
0.480192910015211250,145.190179437943186258,0.882352997985337950
0.390145314378895325,138.093537953295736997,0.978607302407002333
0.452914732709323697,51.916632411823314897,0.698993681369847852
0.094871040693456463,218.710038714925502745,0.763846352523458894
0.578897615399868393,160.268879617925733783,0.975409302612705531
0.594425399685263423,190.462456652495717435,0.625804084927399806
0.547377992941181057,113.502123296692616350,0.568846639990120750
0.178450504629084128,190.109099635735617539,0.863809376421724062
0.181792436773680066,183.082221269308064393,0.652176073818359736
0.386555212525493352,130.140287926034375232,0.833699767986967322
0.685147189177032101,141.810912576186922252,0.895949876282463586
0.881692619174427872,200.456206173123661074,0.520174368344412552
0.511455157606909738,84.133613229054304838,0.726048408400448375
0.358200117766079962,225.781324865578170602,0.565933615186862804
0.715429005533040674,153.788178175652603841,0.779752148365256748
0.303968836526629815,141.922032455351029512,0.638727542389675884
0.690637121874093207,182.774945148622236957,0.547865621082778143
0.636524571649992432,70.797298066911494629,0.505447134040870272
0.271051718883601689,184.362583155359772036,0.654395754638269711
0.643282339394503078,45.414113176310799247,0.966866328726771584
0.534782086101036946,140.585404731246427446,0.866794288803240165
0.815036372167846745,109.840048449002523512,0.586589130606604559
0.478973810554380375,207.083257784748525410,0.568950947511143612
0.027948342061706509,176.422656593727907648,0.770044933764969741
0.721110196174294171,192.486258400031772453,0.768284219785908551
0.447141765539258329,35.565850394099626897,0.540577900875164552
0.807246823927033397,39.764485826509513799,0.550853327229134382
0.257575735835768149,30.263533118867357530,0.543810809639846848
0.195175692201306039,130.433491587597615080,0.823014694038621042
0.840451717418926769,38.646337007596727631,0.703412528756880762
0.799429286505427994,162.409852528058223697,0.646265525881121405
0.464592271608264384,132.195435559345526144,0.885765113117029879
0.323897725570248152,144.937613172974636200,0.822721287403900714
0.466020146694155590,96.251156051409807901,0.916409736334941938
0.088274291201433722,28.015694948287492849,0.882702364555712271
0.230616849141306590,88.093399576840511145,0.677092659447237177
0.132602025241385452,178.465261835373269150,0.669289809280309678
0.502737424626452545,178.003381546477612574,0.817912848881930055
0.006539100483911156,73.967956332695152355,0.596371876144362822
0.218634372059505616,206.622636313689127974,0.850197566968333929
0.803808592082080442,230.239424060740134337,0.578851057886240805
0.580086985325454108,203.956749047193397928,0.512930581552368925
0.853195116449650071,178.079010019761767580,0.804821733950452867
0.722802153835066297,126.657347601266806691,0.968036548993920665
0.558617623896570326,100.889297126048674613,0.511384351150871219
0.711253459979194425,43.810153783992262788,0.665910248034888075
0.649143251964474644,168.660457757720990912,0.764123378370754613
0.776531323361543735,191.213533364642501056,0.969942540659188057
0.643450394255318803,190.789091279128484757,0.854791113435575456
0.880812190292018848,126.363574722414625739,0.796386438586047518
0.136417435923366887,124.369655724928321661,0.671838300998167104
0.293318485491799896,141.623416475769261069,0.563650770029674342
0.747200608516146447,162.057339563248490322,0.684459265812513373
0.674583183958964105,148.976559485668360594,0.818301758343215058
0.732248417798346929,41.310204606270531258,0.666171097249197208
0.285157130045588514,128.684459475702027476,0.786564132077574918
0.000543389776711278,48.519964810726641247,0.673161473821754619
0.802481505131217077,208.944957634492737952,0.829601067030454331
0.715701396123725297,123.359650789214200017,0.618444236540955927
0.656590784075460232,85.405885781260636236,0.559806965151087077
0.451157024383253002,164.416464017224882355,0.884946309470895143
0.590808794696115691,227.556604276329807135,0.663124834102177929
0.902053526619070900,150.044418157337531738,0.845832620814942926
0.903439090215445884,96.025391358090814720,0.702717580802380892
0.657897904714877191,155.036628946441055632,0.562308628835497260
0.400055095477231448,143.103141718681712291,0.867415915419041728
0.757080006301252495,91.405780541169008302,0.632393451280014784
0.308652161511665191,57.215368433003028770,0.607256289306352781
0.219250515079721708,89.621881756846008216,0.868955267135386733
0.304795639246963124,191.256984231335906088,0.696293994436980146
0.058233214363174780,58.412364787063722815,0.933474636010460435
0.391838207238653091,166.699153681687079143,0.835299577035650831
0.923618087889425565,148.084182237345714839,0.858661685161963506
0.890944585876054629,91.862685515668957237,0.844156259195003256
0.813488875067153949,203.026063890230574316,0.792645958635994963
0.821203777249636446,215.354670973759539265,0.830757794685167417
0.104512113968602743,145.285507417134908792,0.621094743752921508
0.042564481372745579,124.118580286115474109,0.971061867729936745
0.367174661228499788,69.045716336839291216,0.520502135527150855
0.746927768530006864,100.003071299259403304,0.684196091009135254
0.357547530634440724,115.980919542056184923,0.956992177411084333
0.282827381638209974,29.863118625818128038,0.779234444994324815
0.769877158617429891,62.710744636511549288,0.728258121820082760
0.756155105860799481,132.594112363093614704,0.955725454872686786
0.444578559445187260,141.398868818621849641,0.991412355755930896
0.607340956252369168,206.527440248617125462,0.822495704443861886
0.152386831511530957,168.360410369303565403,0.797427256007377849
0.049337793699440143,164.190680875295498709,0.881044910985495644
0.098876922262628106,180.591656240249932353,0.652029698995114537
0.232246664986777679,213.983540800900073009,0.970851517356919658
0.378194047563226665,181.030742472672699250,0.570143759767501201
0.273083001563571737,165.198340982699647839,0.684828180040413348
0.868186684641669149,180.633005016934390596,0.947100952973243482
0.522318512742863783,196.698993548885567861,0.915077096898793352
0.591430644134231742,170.300078797519205409,0.627144329830765290
0.581466085010216238,185.899837910860014745,0.668269929177300992
0.921775390904565284,179.131180428167283480,0.672498238771587764
0.795068895435114054,104.143066706017080492,0.901332540024912476
0.231331704957719014,197.934917399395601478,0.835340565549810066
0.648503041920447720,126.086448741958705000,0.928645738719801717
0.051941456414756310,144.146053702672929830,0.604606378025014601
0.571639594578814636,193.201998199121760535,0.878218886435777391
0.520542262581355719,193.904070088379341996,0.527114833453643072
0.724762278584425990,137.409956059905738357,0.606081412273894005
0.309744570746748160,173.055526197356357443,0.971115650881192227
0.217777924805415662,198.081848751134373288,0.896934871529277533
0.688150947130726331,177.828961932229248077,0.612620266365248245
0.352262613205921671,175.052392687103093749,0.574368114912549244
0.333145470759237949,100.728079157683509948,0.540072726399933978
0.373159229035050444,202.711461134705643872,0.729178196516664490
0.772776718082770708,42.723120998422089656,0.818936576463297428
0.016599979937715035,115.758331891916654399,0.706451551946161826
0.668404464657037511,118.184138985504219477,0.789606841936638881
0.898380467820914963,195.199472522209049430,0.583968940981055007
0.161652277541390221,144.273132717792236690,0.884048645142421874
0.955371851311802800,150.500447517749421422,0.901332641950330693
0.861698503437714702,53.968840011636679321,0.952066330570523922
0.662814114795382991,229.840572773150512376,0.671696627730756668
0.921373660539465900,200.196055970725893758,0.663582828036657690
0.457020906299848095,101.569104979132930566,0.532920812634993801
0.199098928897845473,94.306681360697155014,0.647679851968263165
0.327577850121371528,142.980387705735751069,0.809771498734339068
0.283115279265938768,204.131605616822128013,0.799865420355544310
0.750341369753996124,178.318693401427395884,0.878566820009092364
0.420908431247036863,156.637774326603846475,0.823187773005535472
0.899378144141299130,159.054374164093729860,0.878572391157137145
0.429943468283269903,172.934476407139698040,0.712075303846459451
0.065342427483370602,164.510613596847974804,0.794766368323054362
0.683454833410495288,119.418629183319865206,0.932959299845855128
0.180358278708541792,135.421872854428812616,0.601718318894548188
0.599616565966763604,199.447974035972578122,0.661566475250363717
0.737158682056833325,218.897605251493530432,0.586771997246706367
0.283371498847129977,60.693109371726180257,0.539351434047928180
0.092220147394209986,69.454679132394318231,0.923850652252719007
0.397964335421830240,200.958998736449160560,0.906564510915936261
0.443429966642611695,102.701565240638217347,0.508996669406435509
0.614871059513623974,189.927725755820063114,0.546579969776791019
0.971572036872114242,143.575566732204293885,0.958677669092853235
0.443060317053349417,178.600890504001796444,0.827108684905032976
0.290070564157958954,174.786194991982881675,0.961111187618055363
0.390604678626670698,209.197209788427414878,0.794877604641708313
0.604455950636797690,88.342233343778914900,0.677919565595376028
0.079047908719225846,61.061399112528910393,0.973670452436791400
0.471889801745332405,108.128928484825408418,0.941196068874841751
0.806986793859444385,136.640637884373859379,0.992783643454661635
0.856661237313667057,123.748425899493426527,0.968165515598607085
0.259060530466431960,198.974962375555435301,0.977842440334551255
0.550847304421200668,209.746329835495913585,0.524666227183050671
0.556675457070365587,125.572135179771663616,0.985725898170129566
0.477156272405085458,90.245603484878458289,0.797449775052221144
0.186168041243541083,56.404982557256360565,0.754606681832095560
0.329647123008204868,153.115328339882864839,0.550263117284050640
0.762895071048994566,140.505214679519042420,0.716441409674057339
0.562341893578331975,176.653362837231753701,0.936520371634739668
0.324938300315468498,56.950701208626782091,0.869340988040755103
0.856817312471253700,136.026655565531768843,0.955219246566759939
0.378915422505605060,80.051987083721940053,0.862853837467106533
0.973442021766556032,136.720018139610203889,0.880021046733302059
0.127901618970260339,198.958529634138670872,0.734600474153854099
0.455954450561739610,95.989222885907608429,0.998902702116593932
0.131886832099569334,186.872368539769951212,0.521059027947992970
0.510080812918739190,171.834530095804211669,0.940637938661057049
0.383020937710362164,138.132041944982660198,0.850002283113993728
0.519747514847874514,96.949853879180082572,0.938476509522856217
0.603702742995324337,99.144264975921814198,0.750792609723020643
0.554663562690054457,136.098444055624270277,0.850121048973139004
0.001567346603523523,70.430557058247003965,0.840331494448346317
0.315682669322657095,135.823884386264325030,0.973168417300282140
0.426979481185585652,176.543245516822594254,0.565391199695306157
0.607900161115969229,183.624330033635715154,0.929005313613200823
0.928253945764901833,42.976509028704484194,0.796017575455304494
0.876968257298024745,183.672871557015412236,0.888122409179504579
0.581641573626665576,72.491809606495493767,0.991341654258475424
0.746130098792777585,185.831512163035512231,0.859662591292832845
0.357105208967378740,99.519883801462327710,0.862742551407168712
0.126493131843680440,112.839159240304809373,0.551332712137117431
0.530351889222138051,208.768234334577130085,0.809051784051874723
0.293264740031686344,52.128497044213773393,0.817659296561537019
0.799577176293602698,42.892379118886928779,0.892520927736265790
0.185283937009398186,215.394750574004035570,0.730967018141923219
0.658920255948628353,137.254018755008587505,0.983949113077584148
0.944353750412114223,106.880599698252495955,0.927312883377235497
0.939557593533520197,35.524320376968461233,0.880847108442614934
0.960192864091242271,131.230350313378295368,0.935395900528733115
0.387968914794093234,124.906607902577846403,0.771802597591381589
0.859339536914153435,156.464952036055819917,0.900760085602059779
0.277868497892375443,189.001157305947117493,0.790559585218437721
0.192305672463972205,48.852270660443437578,0.521275178389352556
0.389196724247104608,241.468165303411609557,0.754244025943693996
0.441023682161303832,208.135780437971789070,0.683345935616107680
0.904055272811066235,203.196302569385039760,0.704927537281170302
0.812554948549199407,134.052597399680621493,0.579257664668190508
0.362120564445745696,39.943492325083809646,0.726564890060739987
0.027943349107864106,129.042149982426536781,0.648576806633885949
0.094368889854534926,85.263145109827078727,0.897204112804126375
0.048079349062258164,68.770368279317139582,0.833609063405751582
0.265181516230698133,63.841274942827780592,0.533239895614038839
0.516327250288071138,112.952093642766669745,0.577209103623543385
0.791306228445741278,177.332184745007623405,0.983227779949498948
0.700692496105345564,51.823236305311198180,0.973720811452118973
0.266838892970011121,119.804684243919496112,0.557111873647914257
0.231542164812112622,44.817451857755237654,0.965256426905322651
0.468079610319983241,155.352320291487984605,0.986710013041290912
0.898301440549294727,142.265961369115501611,0.799356648492677957
0.407915629375262101,99.982449837809127757,0.607978925248458979
0.041495125262538991,162.726876645442587233,0.757238577262803636
0.716587675040835759,196.144101709845614323,0.891592491727348335
0.615035628969035297,183.226667345270044507,0.524742177803417476
0.622770993181787635,146.544846551258928002,0.943992545865452559
0.553000002226275433,177.623356966446777960,0.693848333984983134
0.821512518594288199,131.913946085253598994,0.908785463733961518
0.501835489468757334,88.911535326565143578,0.723589862210164858
0.576489246550359047,72.500772986585729996,0.596428542042401033
0.220810236303933899,63.245286210113036418,0.508986593315594260
0.442308613297637709,88.749783948237364939,0.735541780056480299
0.224948876063285202,177.848051001009082484,0.899001453315973587
0.364816999690448285,53.849836278291398628,0.550507146661435187
0.854441369957428809,130.945144123001000480,0.807937520857245906
0.519954874309333959,42.052030713135991391,0.595085727626292749
0.687167832078145469,123.117145965141219222,0.701477214658713377
0.353713359661345372,198.821502899620838889,0.795153520572177364
0.546303906267615047,106.754690963884414145,0.981821169493820589
0.375659890206058000,112.209604101338285886,0.920089024449087800
0.332905195974931289,156.541335167678539619,0.832033786495491645
0.443240161192866633,143.856269450503646112,0.691372663001786236
0.570469835452744767,155.283686776809645380,0.944106227594694092
0.731212170722065791,97.899761885760113955,0.680117780802659833
0.664039147111238681,187.704129604677149246,0.591884949759731382
0.863141866671259916,135.558470865379575798,0.697989172674624347
0.315608307087301532,60.946432279151537159,0.948381520330721761
0.641929167629188724,145.829892053726752010,0.514603264858936593
0.247482802540748836,151.126605468052929382,0.567908026303574065
0.836936577550597471,28.744610462482885538,0.545570060112057331
0.156729531946809164,126.695443848690686650,0.644878542714809599
0.274168711076486049,31.683382199721123129,0.580847799191943626
0.132513988944135047,172.563602929507823092,0.739991304407501493
0.857452865330518788,121.773494587284645263,0.566730496690566410
0.787409178984906699,84.639755207890729594,0.817149235111775951
0.085803852507962644,104.099494126319186194,0.945226443486479773
0.296309267211272820,134.767681864416431381,0.791868688918813346
0.774719558048412416,164.433042383417472365,0.641977441585118713
0.341740006767638882,66.528892539216869295,0.512423489350926742
0.304265789916982110,234.745944074126413170,0.579045683704155101
0.236355295410453081,166.284121114092869220,0.508061093849934253
0.727643969767687970,31.562075896387781881,0.775921478959852085
0.427225932980395295,117.772193301862699855,0.786144221006157773
0.254010617301281938,136.419036581190198376,0.529915505836638379
0.875270226963258957,49.519830921790180867,0.842285861592328322
0.339264147882229639,88.994105258499416777,0.918975430138011640
0.381649554007164327,90.517276667061608464,0.933970721875324150
0.645741180318660679,58.185074859394035229,0.783145819567515611
0.240102377090667785,190.723896831247571981,0.790327129560337460
0.127522525803150100,178.898630069061567838,0.909410691898786983
0.558518653854552793,101.820997109070688680,0.719184118155111074
0.795458364355679515,205.581210477236169254,0.876789816366310704
0.513391563787008121,214.267898504896777467,0.720899065389586147
0.969110164116933404,190.716799852005578941,0.607978725495183947
0.420296541764527132,30.078953745540747633,0.554280995298486845
0.582466609141867431,87.434109528671257294,0.946306837134269330
0.535136501760966832,63.807840641503915435,0.576108741049012663
0.328227010428767840,103.044717543566903828,0.744475944385838195
0.149194613604705428,175.939216297333871353,0.891210410437755840
0.927143223238452330,104.402977857097297942,0.834852251875723095
0.234674516524635668,135.532616983488622964,0.530615622466599879
0.464959401986266618,147.906105052810829648,0.575306940150098534
0.715997066910388225,217.148517321532608548,0.507832370096111929
0.719023808877772286,215.499420331422925301,0.615461350016329178
0.731136883156360273,126.592609154363685775,0.679818144066932417
0.002376518641467572,126.954223603853606051,0.534198158262501499
0.782296426725312966,67.943470017233266844,0.872033436892637681
0.815987519642821124,192.228432035534979150,0.593614265711848388
0.358739918888274167,42.044445663275212155,0.861745009662666872
0.640867080482366069,105.422084578389814169,0.537336766688882084
0.918989890214505278,125.984272453791518842,0.767307772212311390
0.202787514620490966,182.510226611165649047,0.993748540476371511
0.522986245308647568,210.297217015508863369,0.502830886445639447
0.496553028458123047,49.283640731569384741,0.729818680710415335
0.657520799212380380,153.993346025741345784,0.672471774601877570
0.000731881031977434,69.728068515851532538,0.508783291079066169
0.326972926709858891,197.557382560920473225,0.779422866232517775
0.822938244858414381,47.055096710132424676,0.608433802086852604
0.101033252064796200,240.040522342972309389,0.985473198479513313
0.702626483408519520,215.332640227564553470,0.929509907040274808
0.765394900860863592,208.242017804198297881,0.666848149661719569
0.579022840284966867,205.378213743545188663,0.518189930462995885
0.645137363715160950,193.096608459886027731,0.588238955232110450
0.867412897085429346,32.913601654226084747,0.678278435248667821
0.689860455966568753,64.750161072444413435,0.938626579106095038
0.896691504761841673,173.887160104895059476,0.767247519337453054
0.249996389233876903,225.091743879829039088,0.695459248391518070
0.154364975128337301,169.717081478613010859,0.815639931039400468
0.030712937779108423,159.066570283259011376,0.860396930004717175
0.641782709727474310,82.336367574676302183,0.990391179602584937
0.887674718832058507,166.739857428975511766,0.795938505844334565
0.273295285760112527,90.893247123047729019,0.579579873797147371
0.242313939990676658,101.688095821886832937,0.638596663276590149
0.521029683064321736,165.579695945052435491,0.565903835252170806
0.772014262281094377,195.459061189299319494,0.660877905991483994
0.121574269171770860,122.595555579177030836,0.910999698326781404
0.021022589910396187,98.593806710067255494,0.542222464020488237
0.009500989233496808,61.952493704280904296,0.867584002129492937
0.349824921906927488,176.791467066663585683,0.914433423185172067
0.287456900082064870,167.688071572231251594,0.563138755627398568
0.544676163402298963,64.149725304303757412,0.556507635250743538
0.714451376509896652,106.466992563206545697,0.845804858066596221
0.043874928629267264,200.631677972787343833,0.638381176569217668
0.740788339127357975,209.817664708792108286,0.645300904507949857
0.133020273134894146,45.066529466729072340,0.635492536400117713
0.609118026007083646,122.425392354563271624,0.797892329715169657
0.723606954676663583,135.972246672354003749,0.991647730102760416
0.653495573828405507,38.850470203596415786,0.878134760375180790
0.934257344670832657,122.791435842543037893,0.678864362988645276
0.599664381774551059,113.026115692014144543,0.830241660154277361
0.902124258643008936,149.547691099953766525,0.816196536697985087
0.060735754606545254,49.371145944726272603,0.848703019113462132
0.082637953844802700,175.415911652603853099,0.966949164146980400
0.860860881410086320,174.284357685558177309,0.647360216992404536
0.377722077251425037,50.685076960460506257,0.782797092488205282
0.181422194193428504,185.136702791212485408,0.554364957366818012
0.853329794325476509,179.361924059074851812,0.582113503559576029
0.445416155748136866,142.976318104744734683,0.611676429362853380
0.748917990250853371,48.865604625034201547,0.798686424984388799
0.624875540277256891,179.995674017993479765,0.755779122007894877
0.223560725743743749,199.795589083096274408,0.934044419067785903
0.361528795248095614,195.229106631100421509,0.858240775052502514
0.371544613779516475,212.066756159201247556,0.786170177074293930
0.509963784057532177,47.255309674835451972,0.531986307109890921
0.253436581973704500,26.587458357454387681,0.773559434163772042
0.650910336488969010,217.215066669940881638,0.576549695381196381
0.503650177228278983,73.777555935710637414,0.961375592546995783
0.410324191060369492,208.967151440499890214,0.749865357953985123
0.586077609520075704,99.739474006903535042,0.720930473971064134
0.911781282621091149,185.599299624082760829,0.942795263976369480
0.092578092032935780,68.912509263116618285,0.528078295257777497
0.893780320428465447,108.360743002852629502,0.791116183831551911
0.540800697245252371,162.294820835422967775,0.979195314065107958
0.770530048759028419,181.288464568932596421,0.877159747117560284
0.410244842281374034,58.684857790888891316,0.739971066907464281
0.993852361146399410,63.651901858660430378,0.832614661160581804
0.382783149780447363,226.219270678031733723,0.555375974478234280
0.489181664375841541,30.960352307249831227,0.571040562555258702
0.008712977760484355,79.323472111140091556,0.896333675115030037
0.323920539302879007,168.420219397098890113,0.979667440064964534
0.588578967990914470,76.799522610349910678,0.873443556611331218
0.325195961479822881,176.864420033902092655,0.657438916106568683
0.786407877420661983,52.003294398811796384,0.599794545304819904
0.889179273369264389,70.087968517868418417,0.711574005508830321
0.771439567245146951,145.443667129794533821,0.806806860088494449
0.533373443909050060,112.756585787468779358,0.597662661549095420
0.249734915707152311,202.911050545680893720,0.883192750607707411
0.363668127096781479,165.838183307595500082,0.790708357966000364
0.524305937162431235,90.269167754580578844,0.745918724064402738
0.535798349906079219,53.645984096752890480,0.718525324628987216
0.068924956518334218,60.731278324735662011,0.635830992577409493
0.063000372420509043,240.197416201305344430,0.631849048618027154
0.610289333547904489,215.228112092990727433,0.715223772128559032
0.555580818525579723,200.881856700184215470,0.714796069299700965
0.634778117904581385,92.278225178484646563,0.567455549649949043
0.678092472785136957,144.952171323431741712,0.720772911470136890
0.466659212823865133,91.725449648003689163,0.578225034850196495
0.897695514882133505,48.440185445607092163,0.595840987396469068
0.254998068273454781,151.487224593765432701,0.558106430923324015
0.601034100106528024,171.773563010533280249,0.900158375371598929
0.786055816648999817,162.639089864237746497,0.932638900272125149
0.223149027394264649,106.893111431212631146,0.672205107704367699
0.835554083239995360,198.985196750707132196,0.942269617098217771
0.666464456040928743,163.431137785298716381,0.853771769794192448
0.791964459639963980,165.994115698652223045,0.731743420606746020
0.725653349992839813,140.879927524286330254,0.915616863985761142
0.431485558477977649,166.238700322782335661,0.668074604527678861
0.590784410490832634,46.893383159360453760,0.966941145552688064
0.135162013194778524,59.474206785739561099,0.525874917400550590
0.017605170109249859,162.067346777987552287,0.738575854645530105
0.938867935054420677,198.852484947008065319,0.715572307495101700
0.504670983059771650,83.864446245041861516,0.938369450095034585
0.655414933101512664,134.342426962441805927,0.514296286944884273
0.478240382971080014,208.571217421568746886,0.805238923990882149
0.414979323393219302,147.541144395929620714,0.581843590292447366
0.225230249279325029,34.665629040969250241,0.733240392279327802
0.093207672365273733,168.095808008699464153,0.697455428927142962
0.314594836448967963,121.884351309682756437,0.642931604862348460
0.642171358096923717,208.730269558303177746,0.650729454159838960
0.005932856839356046,71.866820407312602015,0.872883655614913323
0.201204925396114953,87.012978204191227860,0.723740200664260813
0.718961147797053446,37.989719447334927338,0.954468837597037711
0.144871062040077769,234.994926922258969171,0.505200890435023475
0.886581687810261809,161.015987901453257791,0.635870742159719726
0.305451868780929114,147.761249588918957443,0.566883639235982062
0.195186920440273526,66.159601731503926203,0.509516062972970141
0.183356957286627126,150.211605573604970232,0.509516711748890461
0.419427891505669337,108.498640866346505618,0.857821094449088717
0.598639037447192268,168.106685229823909822,0.625770038978792575
0.020233265001313457,162.924971691546062402,0.926742224079007970
0.426583724472127168,148.282573050166632811,0.879159471268272319
0.198050054249853530,212.256979436022277241,0.935218562878507909
0.434312717709292306,167.390584964821101721,0.896794732260913552
0.008176645445795177,185.327104294166787213,0.914343850482151721
0.050498658356966770,27.466470487048859184,0.977655698339765400
0.757887885648657722,171.688064102573008540,0.970825930226095091
0.929379603746869010,212.612921726763261177,0.791320664593346268
0.763220668745532516,154.632901159989017970,0.538906841723532093
0.945829925932745175,146.788252553064154426,0.672432433302312949
0.568520740215479270,94.457804606102826028,0.677805822405480929
0.463518692322156867,209.105369555046507912,0.815461403464152079
0.278636243704144304,135.206027427739968516,0.598226751416783276
0.919329130512239190,139.662737989166060970,0.628372180653975043
0.931163124452318969,46.728777160896861176,0.802969459879088854
0.967929396568334877,190.614047469107561028,0.835997051351951348
0.352874213662330460,76.839780578718105630,0.662697988599712406
0.279737767737140042,149.152646271036758208,0.523323654113943770
0.750205410022743546,47.755901666335489608,0.904628069885431874
0.098278927407524738,48.504382296839217759,0.979546149866557414
0.927426935510109574,153.776763016908034842,0.987174162584951054
0.289112875016802162,119.395573992951071318,0.786157832454446925
0.077396834956451263,161.334295359127963820,0.614533332386959730
0.418006939573693337,136.444970689354278193,0.865265290530617737
0.213734432803179386,224.122822860575183768,0.651356555407529125
0.640607669831282589,139.685910305961101585,0.504704580507285283
0.594065827628511123,205.145082452767866243,0.784260488053951432
0.552401427335082573,217.009841553613995302,0.691076577690261651
0.858855660755787120,154.695057527933158781,0.611210848673936935
0.068783393688168160,186.260176820257953523,0.789197235417310461
0.841703188812307879,165.725647500154167346,0.913397710546262065
0.538398671602328904,42.222013092784123955,0.847504584351808643
0.073722291843090065,194.109836582834276442,0.737504978403340616
0.881247642784916185,162.081765328350655864,0.531652999198242160
0.931151453548156649,164.759531781860403044,0.924392590035706174
0.780811612184871828,39.853944695333240134,0.795761803468811313
0.762106237551158028,88.262744686583346265,0.708132924797272745
0.595443753900880113,160.330877135237614084,0.682843231245103599
0.071901901387158379,101.366328511849403071,0.835799860070702283
0.521523609892120432,183.940746384495355414,0.832678055979401921
0.144248745766874964,126.068991975181262433,0.807380024902880744
0.946054364059043085,157.931437846360012145,0.540103272408854029
0.113526501272087008,220.495704733551804111,0.900743892993845052
0.231208683098215489,189.484143088611716621,0.990367637715473537
0.198339723665007434,33.007647356930789329,0.560968218863368118
0.400982455724747000,172.292655470538988993,0.980612981185581489
0.495120177879904810,91.761843191780755546,0.601022322643964158
0.193300424331230680,189.091084059382552596,0.850986057353984138
0.881800631431950865,194.226103959964518708,0.764449192308216396
0.286127602178249008,52.397516635255982465,0.978330143860136059
0.907530413728346197,140.695651009941627763,0.566508667076994987
0.415623082832845103,33.676413073778213914,0.845221682660237561
0.049591577324874167,83.030794883121458838,0.862236151619929947
0.599816279227166516,39.111065218691699386,0.778483528292635674
0.429562249436004573,84.434207639676330359,0.680721940137257286
0.653632449345582844,44.633909118458532816,0.983333655262681461
0.325193506156609469,101.086983979204291018,0.819745601075567820
0.331962624059981060,212.637024757779499851,0.718440862682350523
0.011118727607250167,156.873907663090790265,0.953671619414473204
0.557921440690231196,186.435902073020429270,0.501335740996039947
0.624534700213415950,160.730439740104486646,0.563884405575207692
0.485797313867990910,206.775237841001086281,0.512404834669589304
0.553179180997064868,201.641762351676504750,0.776739771857097749
0.238850614201777972,143.295994403238523773,0.948660036947299834
0.455604649795329664,129.999753524845033326,0.700197831271477167
0.276802210126447457,49.217196154438980216,0.571561065811598712
0.033169837979046095,87.635661384892202364,0.532322415632123347
0.401386511888367825,162.321448171412242800,0.551483097823199708
0.297024001364200096,219.606955570013042234,0.539415334171019500
0.418494574531561470,49.117775028560807016,0.629833010046269237
0.884474648613941206,149.060217344433965536,0.502420418963234527
0.521616396945523086,29.569931606538062852,0.625051841581954037
0.623210795240809468,121.353245810162164275,0.779743101803255678
0.562343243709998442,216.917633704730263844,0.808815818634714745
0.682866439618220911,135.879554182245414040,0.832185074310634043
0.805189783454581254,182.390435389895259277,0.877269119223301530
0.251216244935277444,191.385630800177892752,0.702457421897885292
0.743506154961275589,179.936036482810067128,0.742734443454624582
0.548735322744417942,207.884639840217687379,0.787731540157977306
0.747598906137002306,168.811662506710206344,0.717131846670001516
0.214838621603081648,32.223739321818179349,0.970335623124067181
0.269143360260301390,32.582132708764582674,0.558788675673727253
0.368299463160536522,64.751123034732131600,0.899333672449145638
0.451746704072270966,34.800054405475670194,0.808421043879573809
0.646665754695465167,160.679125535498457111,0.713540276191671374
0.559604603934392486,177.745836625236876216,0.911997391282046488
0.507450610865839535,99.550134758253435052,0.519934158487306175
0.514453954383923384,55.188730475392041797,0.697405418451227943
0.137571861820820346,125.481052394034591657,0.563275564518458394
0.547047728284724699,169.592247053337302987,0.820509413750950545
0.412799069756976889,166.510192000116887812,0.600814109793025630
0.576701235507580345,150.649865772672029607,0.791484231768902702
0.128015003176781633,162.274219074955198039,0.659180869108154210
0.131198437463629053,198.615300660525491594,0.565778347397062342
0.811982635701799293,84.252048293069336182,0.841822740373383782
0.192628724186307276,151.851254198215315228,0.934503429037680688
0.522613348952011170,85.024816084721223319,0.811431877933179502
0.960735291575425476,158.141943903313148212,0.673845230575244258
0.109640255132928591,178.184571254319365607,0.606067286769843339
0.458628351925231326,40.923358358656585665,0.821914208155076542
0.676745064578552658,98.310061173536226420,0.726879169380617252
0.445704852469433865,44.281931802993469205,0.718347451177453356
0.598335202254288046,145.934838638412912815,0.937451007070952969
0.292663733433450812,49.589896233872821085,0.938702112966015800
0.546789904373641611,95.451503175074790875,0.508634439531225335
0.512189858760953021,188.232447676963431604,0.900635928478261460
0.810330681941498265,131.629867768795094207,0.937305307744156657
0.053872149848182664,136.150118607171378926,0.901068695259547137
0.719883149478148465,165.575184209451720108,0.783706486692766435
0.367876110755932795,43.888320674446447356,0.722497632043499260
0.723575885450007839,66.898318128536232052,0.761507320510753094
0.270171332503055306,79.738378002991680660,0.868300538922255449
0.494375004660367767,197.574109953366672698,0.856547039613446803
0.271837907708271709,123.326213219343799210,0.852771408321668423
0.361584638210695142,222.958613602662040876,0.648385822694694358
0.909436619817518666,192.929431600600224783,0.806313638708755276
0.345978347639685824,96.693205019792372923,0.569606105054098033
0.848301443761818152,88.304796059291348342,0.532093465831343648
0.793711026106702855,99.197576965370572566,0.934983991906645606
0.501788371857792237,101.928117797289701230,0.984109647865179737
0.354263550436640484,170.239859907855532128,0.919624097473310420
0.878532725556022909,183.482806627713443959,0.903875306869371897
0.186007854804404682,54.299744299154347971,0.755850812648286796
0.049584901305952812,52.781774323000028915,0.881758102948776212
0.844070363417070091,173.061356703299139781,0.575163415109076093
0.422156786783400739,110.253185138940665411,0.972043406945904742
0.386495349291389678,109.918725363866400357,0.887725898929702772
0.474755634195700660,74.082783915570885824,0.822201505508616037
0.466721424851369970,152.670554190387122162,0.647297203087221384
0.779111860393108313,139.875457769688324561,0.993976106017470995
0.633409430710784815,76.056751752342776740,0.584767475004161374
0.160689393901730232,203.498661650527907341,0.878607243867732812
0.558047565184384142,143.492178330879056602,0.771998235047531178
0.271456063776590151,128.722784782169156870,0.956926314805560452
0.451948953527447461,86.083648048945590858,0.786592075827440285
0.300349783748255106,205.311315511203957840,0.707403905458428683
0.764272355929681901,180.470754433807258010,0.610119305494621456
0.099587217620010673,160.837182751527080882,0.522725846173970776
0.963804512284585302,48.683119358115376940,0.534923240673192635
0.051398314678537983,55.745642470251340228,0.682055052915837678
0.334073118863295049,160.717318264715345322,0.820509759263174265
0.374367362998366648,141.993922901224181032,0.514216859512840796
0.618832499161043881,98.413806930717214527,0.958481818843255562
0.509889239007425554,133.316312672084620772,0.619245195027968487
0.072957900359038250,42.192526948937469911,0.656311458223858724
0.396756366932215776,130.516711530841263311,0.984801430768636799
0.638166452081492919,134.198696536189743256,0.787022487857461983
0.955662439710557199,172.213706515413520037,0.933598668402316978
0.072190789801088312,38.890882770445088568,0.927206247801780736
0.210420778251692531,192.308195123881802147,0.773843885948797050
0.600020717239372559,206.954448771980196398,0.646171521839964069
0.382900393992322119,200.078785812805932665,0.543867799660531781
0.315853557525571593,79.078529851903695658,0.907092472309278142
0.711787724843658820,36.989966541078317164,0.902667359540705094
0.382460465019613061,133.407150931686402373,0.626899259930542074
0.561881231027094530,75.648516554881808815,0.626060170491576251
0.590110234727734384,101.475382219565020137,0.875677285972226604
0.523120714259189601,93.041345432593999476,0.578917282155890778
0.326438987776158762,171.616702520360945528,0.894689404718438497
0.585951467140656490,104.065061707848670380,0.929702045378215880
0.227456160073696234,106.250887934818834424,0.784006020596191622
0.179578855804864490,42.606673401415761759,0.820954005638023232
0.706924232294412036,49.802311051145885301,0.920814619435514015
0.627913310998602148,174.491011911806396029,0.798403307709788290
0.848993690785224242,194.207314909356909993,0.593666143334920626
0.112174947952200524,58.229738749454156732,0.877774381196226416
0.598334928130230370,48.263380139906303157,0.569010870229519461
0.372367394641734573,189.752944488042061266,0.520943243565525016
0.799291335652945412,192.279891143528516295,0.556887175448440574
0.723264878825585433,195.689879075920828200,0.799649112763719305
0.190717026804119533,165.416104669400141347,0.603479635103671086
0.338288993115895109,67.487853263163188444,0.599447175629378770
0.512933354667417518,152.128252491538063396,0.729248384965190510
0.132437859022768223,61.819633207633955863,0.958155863703841426
0.890220987873556302,71.127291198024877872,0.702401656058824653
0.854172563107744032,110.666554993576596644,0.783345554403973909
0.603591152768882977,63.972417245287111598,0.880909918419624183
0.809455847949750451,136.130691026066529048,0.875784389425483423
0.636442182548508262,172.085920991167199645,0.756954496081362338
0.175702185992926724,213.984324259442672655,0.592506377364948378
0.416375515775149641,86.432095441885266496,0.828590856627105632
0.931830672070432797,134.839363697262058395,0.987967159227944314
0.393041683632342209,197.464395740637598919,0.979734828201739405
0.234433144500570512,57.642335891605867459,0.956459900052623269
0.677223332218790830,245.042886321666770755,0.808604391214525764
0.561280285660149092,177.030445823985701281,0.774138302745064455
0.143275552532030670,57.829923197905699794,0.716802439672049152
0.469027281781974725,172.450400920002095972,0.514706049291361656
0.296337694296355592,95.864277726553027037,0.525286908366826677
0.207801991693554927,196.470644305415817144,0.852707063158526291
0.280737572548718117,163.883503113898342463,0.668143263026669043
0.735731419258577324,229.390997032552718338,0.632690412541319969
0.764641339181693747,199.770606737257679697,0.756427557656912830
0.818392392578184302,189.731321884063902417,0.667277916722667230
0.876418115546268806,101.765332973916471815,0.992065259471487271
0.723040091162242993,134.809781334813550302,0.726545834751043174
0.716801535772754184,83.422009133097972722,0.645485434260358870
0.929676619690061212,152.039356102935329318,0.627134364867272476
0.360729500945808801,47.796221256074460371,0.502283801278067710
0.674400302271428331,170.318329697449229343,0.817370523137909588
0.811968737758589243,165.564867136563236727,0.596741235129724767
0.500539542504582546,103.211009547690750310,0.580477703307480830
0.820476006935219049,139.474740694987161760,0.835963032154143137
0.563743978413260183,81.954087491252565201,0.758273382629991222
0.797846673909634041,201.316773910482424981,0.779094571572005901
0.409948173413529238,242.495544988061652703,0.617586759941021968
0.620789933527042592,187.957654481326898122,0.792845088810491316
0.797717919214629756,101.653401712220741615,0.562852812131875102
0.369740680293065782,155.153073307792681135,0.852931258766660205
0.002020942342907615,88.862227857551516763,0.759817789375587527
0.065766107488329992,191.799711460611234770,0.546547968836312181
0.401029918768599170,165.776863356402827776,0.708323176677838395
0.631159026607790663,68.111960732840742594,0.998438173171977472
0.566156074775958307,198.365032609975258993,0.797600312259411526
0.561604009287801187,86.316557665501392194,0.851114473207914557
0.478127297660379313,158.864497480734968349,0.561668438551434668
0.792480759218169406,42.888688797665416530,0.879892559850693368
0.424604821173503344,199.136279791988329180,0.554690829210204850
0.222311626659492112,125.637568095044059646,0.792155802517951813
0.124910959090733104,33.241972828866877876,0.906990525160303207
0.556801547431950539,136.484398823285403068,0.895156302356478140
0.515038729680520779,167.023562669855806462,0.718074681998425612
0.446580987867779944,180.527391453874770377,0.900851999404913562
0.457426661814893998,79.623013810591572792,0.802781122156440263
0.125424206004095457,109.966762250975477855,0.835630221077495627
0.863309933359727832,203.633563808885099888,0.948514298559930857
0.821107929986466645,162.004700607565752080,0.661811959219733681
0.880112805631175443,169.072933468629031495,0.725614324670453614
0.032315597614494193,52.911224291011293985,0.555128599652211396
0.244280730541014818,132.384899238256309673,0.510198337066833152
0.122277411942449912,208.563808767012716316,0.556766463690821056
