0.386046510245926955,134.236447712899831686,0.550606789139690078
0.477260150735592970,169.548471349335471814,0.906429256101261016
0.556933755508863926,170.490166254178546978,0.813980624920329854
0.111132889265625756,151.146127193660049670,0.809970459512238783
0.263933661293541122,129.605587525245169900,0.772609442648860556
0.792805905667603006,148.298250301434279663,0.836805794443644224
0.551979284022848904,159.399370128312710904,0.855211573924966606
0.318726430540751782,147.296401785902617121,0.517406120439704464
0.269803117867650100,96.726492263136890415,0.880628702404071317
0.755056087566941092,166.302732003403747285,0.694432571810500443
0.918122406508110722,208.677941517364502033,0.631044176415216485
0.511130112669999082,169.605310914466173244,0.902097864155813611
0.315264401987531362,177.721615487870082006,0.569194404705765544
0.268166040518254989,188.600753944900560555,0.503838078489455055
0.154199451789217595,171.082269623664984692,0.686850686841502522
0.345158211577007101,107.581350675267984229,0.822702768862902944
0.145985380580939156,179.679952364492038441,0.759857443509630359
0.888483363757453959,189.691890523299093729,0.768089459594626045
0.093507914775820863,77.957869694665873794,0.666750812282838279
0.018661763145458095,29.132251034474865747,0.853403295635721149
0.493759702853066307,77.274899439991884265,0.516647742772707308
0.560592785416274109,45.556250444006657574,0.651402378409647098
0.345853710556137506,140.268555742816829479,0.872515234531498818
0.293164447097216674,198.257098691643420807,0.501980166026999131
0.322475536975479427,196.050254769488788043,0.803549936574164292
0.928393534828685030,114.396604584376788694,0.932963209673900895
0.256135418778157098,106.792859303596173959,0.777046220802605103
0.394657673014017940,130.487452757904605960,0.705535797384953089
0.515557657374326905,65.478635389315002158,0.983107792634869915
0.628378434955388254,132.689162441394842062,0.920196068601075279
0.282186674763898804,138.376784914265925863,0.657953225371339157
0.911375639178361285,128.674128525640014686,0.520248600642564396
0.549269234372688264,142.181378937299513154,0.829596139776757724
0.224792400431680112,182.939338137059820610,0.740093056045953546
0.800608590711516799,112.817844943653639689,0.742121944240639486
0.581485330683271462,186.860829682881444569,0.683100938964733784
0.091792548847360059,29.121701631791605536,0.694063307696338949
0.888285189959896249,133.603997681998265534,0.643515178266769405
0.207850207560604128,166.712282268993192247,0.591785186852886724
0.271893301506891560,65.554920665173654015,0.713675301989936006
0.950569649337333900,155.944295942131674337,0.963664816405834679
0.163630094129388476,112.803186254172160830,0.906519866581664613
0.402847478209557741,118.266461050166782343,0.903336666158409463
0.821343758787135725,150.939696576849399889,0.686987158547708754
0.872259356645606276,182.593349467163221789,0.850068596648968056
0.840829805388673912,185.662592016890215518,0.659066662979276741
0.341002328464591442,114.444104437827817833,0.987968504250121282
0.906938927924016869,110.729083822103135049,0.920000661914837092
0.895608830838314995,49.783586046710475159,0.701370647894007382
0.218601415519815601,87.879136896745762897,0.846544535474347271
0.137599729106280183,68.682559819466675322,0.871230012286454913
0.576518446928536044,94.755917521404086301,0.522888445901579679
0.960795551076610299,114.900111837773536649,0.918832083829313362
0.724749189889157042,152.642312587174075134,0.943807213622961161
0.919781492148269764,121.326643518942177025,0.889391172902451510
0.169132891941485841,159.574649926777510700,0.911525126763653493
0.363920881481085701,128.967913113179434959,0.929208664023772113
0.716687603560293263,42.250074061372650647,0.898551289726081892
0.784902775284654353,190.936014881333221638,0.552484259671955913
0.381499518259722781,69.852360592729610289,0.615854340226698826
0.128618197388602029,83.810180457581594737,0.605533589898274771
0.394303198026812629,76.029295648971157107,0.718726574506968752
0.930566142610302127,152.234245384573398496,0.975874660379291159
0.767271582169388844,198.921648465156778229,0.851082429890687830
0.737125214885093749,41.652817606489030311,0.690089651736243037
0.154906751989734470,193.894629478547528834,0.683497392312837015
0.391087130660863591,173.462035660781594970,0.930979536195660540
0.867043810876976906,194.606130904179735808,0.899178124015624136
0.391207582945708121,187.181920289538538782,0.844831747632510566
0.110063234867136803,192.703179006681949659,0.788237456550080262
0.279736060534720110,96.921832987004393090,0.567300476564657430
0.564254214697390011,168.110224325117542321,0.565761427652128557
0.023983021241374601,127.871940390628935802,0.935267314882169187
0.478877545658885184,41.380117418367106552,0.703965287403036544
0.944491779799531583,124.804733052116418435,0.911020700503364589
0.541076952501455266,69.343949038333306589,0.542603550067392471
0.406402670166470359,182.349307015878707716,0.670876024483654354
0.945616619706893036,164.928157956336008283,0.858024132228325631
0.821469125577433790,186.729538219835461632,0.784834733322697042
0.487984345896156246,53.223868071232104171,0.587645502203922754
0.819111634418079770,168.422389496507094009,0.681447147172318135
0.516696311302372702,117.964847833065817895,0.567381295558054610
0.794042829215720003,115.696917938203625908,0.620143307103555030
0.501494015099695045,96.485797017875313486,0.936094557575765762
0.176567692137574117,85.906972466778654507,0.936827230711757775
0.659807377408606732,135.515059388472650426,0.735785944518881907
0.168306417059202768,45.730685373529503579,0.654033966190331384
0.275354934695865361,116.901779467461423678,0.660904670590629184
0.385133541784001887,30.136291806844006658,0.540134686864792268
0.790813800398750599,161.475276871849132476,0.876368530915126565
0.069384898206328441,155.325873768384838058,0.600556099990969816
0.515262437520231598,87.696596617246896699,0.547379908809383364
0.549948035539646551,193.228553595247859676,0.695083882120398178
0.345023943726888493,149.140076182852794773,0.571381428610583497
0.698678660804143647,45.546301571831271815,0.598537063362571842
0.913528378616263237,174.728787905791620005,0.823728826780123713
0.352510418668909975,124.699383135191624206,0.554834224155075106
0.261814336647257229,95.787027493970541059,0.841399693098875412
0.341518717944895522,105.574375087479211288,0.626913214318457368
0.283929985710482946,112.716992313066000975,0.890553297257944854
0.009683263373828918,39.118060476233708300,0.790837130780302155
0.017247571765128335,148.235423383914991291,0.528300908071329789
0.006953489898373060,128.032276670690265519,0.676646053231455435
0.604528943218902381,156.963566856819028317,0.948650579511601810
0.063884771711081520,179.620343554675685027,0.683024115760052619
0.858040923287632595,146.610360841494866690,0.630644006872547402
0.384946981164230595,189.539905385014407102,0.638364883341105305
0.550672008771362909,122.805589650477230634,0.970325589934481147
0.368989389585443972,194.331610741043220969,0.679979869393363301
0.903829914535685730,98.515445956443670639,0.818904604983654916
0.801457497365895222,130.487496398829733835,0.595014262553298479
0.695320230364678826,64.819992878160874739,0.793861146020917507
0.564498439458828161,38.790031131875920778,0.692205260190877913
0.258751217152864199,74.743972375302774935,0.764143890994082309
0.327813512371821492,97.423386063060576134,0.845102300013329533
0.289494402770646975,57.065912965615474661,0.676821785807121046
0.434827160792838896,71.957144419711866590,0.981850665764842923
0.089173534736884483,64.936564910322516653,0.597195350590790208
0.781754538621492800,220.910332170460407042,0.528745981364144968
0.053584318547717100,134.173005159770866612,0.912817408790168927
0.170161944437496354,189.489659875658929877,0.528593058344636990
0.220791135600864719,136.115691484852987969,0.782538232743161810
0.886131265748296149,59.473737781810655179,0.766279526542746892
0.467826352359037190,31.537098566603980032,0.539984711241438320
0.361445902805913655,158.858510513824342070,0.978704622654333889
0.490078045566852361,52.177357519735437563,0.530978235001848486
0.253768458617681769,134.095830714905844161,0.939423068693269636
0.578268782533816306,208.200014766629607266,0.577381367690976255
0.054197243303965859,144.643136468498028080,0.604644265584632912
0.747615980505055178,69.630927722526536172,0.850703165535875883
0.486756064593754145,151.062407472015820531,0.847410984900229258
0.505536754593452153,197.003023667051422763,0.545903352816749177
0.532841503774570069,43.490337859480710847,0.801717191843246080
0.734753099575520818,192.750843000416892892,0.567083598545668588
0.145787976008353776,87.245809876649445869,0.733655494904951189
0.898234394322190544,174.774362581480772860,0.949608051798559893
0.311434470431742716,76.612049468511628447,0.784833878842929433
0.113314499547900821,179.564705435504407660,0.527696934583062993
0.717662516977536025,134.709408710420575517,0.998879272416973718
0.312144942872915665,183.544291704006354848,0.786471878280559644
0.636179403874654881,46.832551741934196343,0.675737314513924714
0.833720109212658711,191.639499901050442077,0.658485178252134928
0.929530547604326296,172.676204475247146775,0.888957022798568364
0.461479650321975132,86.498210811642252338,0.573190834017238249
0.130789153692174448,202.246707891599982077,0.503594007475103855
0.918294888661814190,158.773148781054175060,0.797260124911943313
0.608691625633482336,208.525323242503191068,0.783296971207957937
0.335655553108045512,187.081414871628595620,0.723073066054541469
0.196779809342805451,173.867565783147227876,0.790156347063402986
0.599525258191714316,194.316286609853648315,0.931488256691374361
0.860941794015913420,123.268039868892273603,0.841009256462544430
0.305827070567510129,31.676806447267292555,0.566648491839791602
0.349412886687933133,87.562714598486920181,0.726637552575210899
0.813119515618939137,107.395225953979974065,0.918955126912092357
0.261095823762734880,111.378952596963898714,0.538157967800560133
0.382754790433192216,197.396114159013620792,0.643346557306591738
0.253533072164912165,52.948245906894982227,0.537503528414914666
0.526315449499271670,33.012946623785680345,0.882502631507676716
0.356380972515018657,76.823784123919409694,0.984809839842519796
0.241117547962579781,200.065487696817427832,0.883036222140795801
0.434782658960065960,32.054109187854820107,0.727352175561818415
0.110162227968282747,211.937025990349269478,0.613530949028275874
0.124571896325221948,180.238857172827209752,0.917284472153294228
0.853984569319858444,170.757383406256053604,0.902400706893358162
0.383024891048753091,125.056646162015397294,0.980555010225184098
0.401418642761692201,214.139098485213054346,0.511696462119144768
0.560382371290257031,42.807250465204980117,0.750906801736809348
0.549073345851929573,36.296239434278085412,0.892268811002000062
0.024642111983324506,61.400693608220528574,0.823320869326734206
0.639389840158475775,203.200265635497629546,0.777336030357114072
0.484488340184184851,74.472144772663654066,0.895795674480515447
0.638894478193685167,156.102460160208266871,0.542161881837219806
0.572447855474684797,120.299938968414366514,0.651104714489464165
0.447514770003635209,46.695742559090859913,0.704659973279421425
0.852030892828450681,185.605317517897390189,0.585721009552335192
0.530955508807749554,110.596827048832579976,0.993747131413746265
0.529744987584598204,42.861706558748522866,0.846357171859132285
0.243594097234779039,140.614244650816374360,0.767009770415774117
0.625239903318265733,214.120342976734434615,0.644775059776788839
0.959146626120788270,97.751500775359360773,0.716058677929293119
0.120526664576877870,160.308679200746638571,0.540073864968732886
0.347955567859535131,182.594654387686318842,0.738236325751088329
0.437475669792775135,43.683514755199055912,0.699579227455785935
0.791027549319128442,131.850366473613433982,0.952430946971225434
0.470101763196516753,43.635756243219105954,0.872666109276155622
0.813243847391730945,116.840927061566418388,0.535486439170070438
0.394423895437307548,55.591336040999728141,0.541138756184743497
0.806796151189747457,171.480720905416035293,0.548458948264937129
0.935545097584808194,141.433394871671140436,0.972633151663944595
0.298512679823355553,48.801300781284432162,0.510585209502853132
0.446421411862586770,183.706757367505133516,0.710797178884868819
0.059260223949089343,130.047622250349718342,0.511842185519603476
0.061339728546244462,84.750046963931424671,0.710150517369810941
0.157509261276758905,184.572434653115323044,0.590167093698637513
0.503131900587231784,48.985525868025796115,0.713700866165051018
0.755377557032610891,180.500942111243119825,0.818488270515672856
0.161807798154720711,41.395352288070121460,0.858288982731750583
0.199705613712136298,186.417243166408127308,0.753418758808398703
0.612957134453900321,188.748935995153004797,0.552253563879855469
0.397909342705147995,97.286339844714206038,0.833101410258435982
0.441480646264709231,162.014373758082683707,0.940205617176620434
0.680936872675179883,134.079891837372571217,0.965579634621616112
0.921538260928224773,74.099988725629600594,0.563686416064694940
0.468981048007056200,77.711803750989346895,0.983554349249944448
0.723257595001135400,179.747990653736167133,0.843851600917298050
0.804736147349870645,145.072585958787385607,0.942115731556210978
0.255724711416769113,114.742479994470969018,0.603749705644886170
0.365705286749554770,101.982126093347758911,0.630388513345796708
0.214656646801587941,151.880678146145669416,0.833697143271828311
0.412719208737154120,44.109600338224268512,0.858280585767032811
0.271016734972758411,50.937418642272525915,0.772440926127745953
0.895635457416444569,123.437068969638986005,0.994035632494059351
0.763411586415716159,189.873413518208622008,0.789341423807806919
0.304598892627930273,136.465262240618841361,0.845051856090355935
0.969426775103471305,116.426744371230881825,0.662016196126129053
0.555735159773586451,127.850439817346511973,0.940853631607963647
0.258582571865671518,158.173062888466745335,0.901216573946935218
0.176886069104024712,188.829980848561092444,0.803440498589968577
0.321282188875721242,195.705339090122294010,0.515345533617461160
0.873049195496018671,182.724370149723881696,0.794815235153287003
0.918455015708715461,195.726181728547231842,0.771426160133604322
0.646970109387879133,159.708493669339162579,0.824139166866194595
0.277173826313706018,155.971498435866578802,0.548875515474078979
0.481489564809839510,37.690339049510178882,0.851263563932395773
0.573423725518500627,97.257889576909533957,0.751775914745828056
0.677676089767442535,139.384400626670498013,0.961771399382065018
0.296990251642090697,187.779476844371799871,0.889441966772204551
0.329036530948160322,184.424200729346040362,0.800663488040854077
0.125808808453434701,128.760799659824385799,0.811159272205285165
0.968327878297551292,103.141229596391184486,0.938740610889458149
0.609840931843031120,44.951043083792015409,0.883138861936960895
0.761529472648852512,158.286279276030853680,0.952688605727243676
0.882529351944425500,150.854017322708784832,0.849256134697860765
0.454789813056328318,207.089702526626780354,0.744907935959607803
0.873909904619391664,191.364987640001544378,0.760292454786606786
0.405271443849560264,91.127135271033054664,0.639056160392361905
0.706927259369746874,157.848458089013689687,0.985806270902591875
0.005430897894310028,28.287623360599450706,0.601158920945523478
0.200956631114639045,107.286261202090116740,0.974024609765906102
0.353268184449524958,44.100054336690924117,0.578569664663383665
0.569231592576713297,36.305430540971613596,0.770860189323130718
0.528745574493735937,159.805843194008105002,0.845405683909176919
0.575785053813776648,145.238671594859425795,0.951176135801158784
0.155352870571610097,158.993505546780852455,0.825734493539101333
0.003279549563010472,96.582027639617351156,0.754500922535200402
0.917247525409467190,188.217485227995013020,0.936257633491582086
0.584840196510153065,111.529823768023632624,0.842475636957882523
0.105437291652345916,172.299509648291461872,0.865458847126338027
0.505633504624982133,68.029380374121700470,0.914335346686365069
0.739949397766517358,197.228228326904940104,0.608727017624614675
0.437491709547169094,126.661757572510694558,0.888342334945649847
0.880186005611725220,157.057261006791833324,0.760579481493751874
0.124603601017568802,61.374842024743017532,0.811518226340056770
0.560106014249532325,86.618010709913846767,0.948814497127597800
0.166154082562177674,43.125055172634404244,0.519274333188031956
0.750452177025867750,154.869217948317810851,0.871161556923486513
0.283571711355802225,59.606416331959970023,0.939208536897169322
0.094831217153208303,96.096520836376299712,0.631072428629105175
0.615359160871795430,178.737257778358298310,0.698090659962285920
0.890790412282360444,187.283910439625515210,0.797771280368609004
0.295878116805028180,196.401378811500507027,0.756462135858871787
0.203041046983709894,164.993932746007857304,0.862013148444901400
0.287220705695745815,108.629853224891789409,0.844926291837014398
0.898933635238499895,161.056987935928788147,0.598976065627020660
0.828093119632634544,167.267868095466468503,0.545811982491084424
0.601918887498546495,110.800915705681461532,0.665537667365066476
0.862715509855676688,189.780221741143890313,0.806974974714621096
0.043643433639847566,98.521425338239964731,0.807740626325213706
0.142494382716506718,164.290722008345653649,0.862245774397624176
0.220058989529707233,112.836374568502776583,0.783765663024630133
0.447380026079401916,59.405558026802999905,0.766133660155120966
0.775103020361564643,113.857735457334925400,0.841300415493388076
0.289322274082819964,129.404964374241103542,0.895597396800215773
0.595223871933693749,84.223240776133948771,0.566973602030048651
0.101436849052263023,82.240548190762140734,0.876204543246936307
0.841241408530954859,48.755258463940279512,0.773168823146594963
0.165041577840498083,68.933856948665336972,0.536880111416613293
0.376279463764073507,214.170228113457909558,0.504297246248238018
0.364907826267165392,102.711508580773127619,0.894623699546635454
0.656654979468503375,136.800773730689115837,0.900415261351203866
0.250475177490395884,149.675909501401804391,0.952353353977630546
0.675096997304433066,176.250673172860672366,0.854771110889712804
0.680445000769352770,173.209110101608757759,0.559778939103391715
0.250869434683966719,192.999755574496731469,0.857151998906353629
0.827620365811926884,136.953686520248965053,0.680751422357548930
0.411920009729960845,42.262909333679061774,0.545570957385591360
0.359644952473977708,113.408360261306285111,0.553440352544593672
0.541540805371481748,186.916820190729339402,0.537494994434146389
0.343308513539261784,177.605736352488918328,0.629471582810443464
0.777056908300457261,146.277190692754118118,0.923880036264618454
0.848012912500320515,180.123245420452292365,0.554721469996164673
0.633717563883963164,52.503236308664376963,0.670526555897240528
0.462317156284942021,193.691614079810818794,0.709031174742845161
0.857187294050551163,201.412652613379378863,0.568879373116262022
0.722911814317481638,60.272420335435178629,0.828490815802215064
0.404761167209090555,160.977899879427866381,0.988929231279023435
0.242878329186762137,178.140553150755607703,0.870033038048636076
0.202181156785010752,125.897996529898904328,0.900322444214033402
0.476675715317877391,165.585799224887523451,0.506087988283184464
0.862599804868135811,199.567024318626749846,0.523921805966362508
0.926082705741114509,133.648636630719209961,0.910397598079669468
0.602082377864764595,163.660929343589060636,0.587748793536510994
0.729018661798744305,140.670097511592615547,0.985595645833589717
0.535649111293298730,180.011839681853786033,0.507804033077708938
0.863637818759570686,149.985405576407146100,0.734680073028247671
0.174494438203246671,123.335543823319980561,0.515651468490744724
0.319694573755185951,107.774168180448697285,0.671354399412401270
0.279836227188395570,131.035252435849599806,0.563885146618213762
0.916705905604971893,183.643239530426541251,0.529330138843163045
0.102910161132803976,41.434846834811253302,0.587273324308367650
0.036957303683420088,219.192644646244303885,0.722563959345278617
0.459044416809732014,199.702497890597101105,0.549308455988836930
0.184547647904742568,92.034147331445836926,0.508331534879635338
0.323191461936390978,52.874109429712184749,0.755064912371681718
0.352514732912662720,154.034200942705354009,0.916932662556578681
0.352691935213204522,196.762385933618304534,0.715571307952519997
0.496444444594932976,149.535127201325991564,0.945702470284966346
0.141422241398016652,136.852948613167484382,0.782965037349025339
0.606558752782226818,195.228811092501473468,0.705942775913067200
0.703818077411716314,176.575498950930665387,0.807869169901415551
0.378883109127826911,167.796239389515619678,0.673521506268788039
0.389970502571285793,132.676620616483234016,0.859753938775014714
0.203411244586304718,146.238704660883712450,0.865287067030330981
0.785425938911862631,159.963007588861955810,0.724974195053257553
0.187655406742270686,131.036135840962231214,0.515416496986150441
0.949637583705930988,145.694350606714181140,0.815362989131047211
0.155345658062740227,102.071163828000422313,0.764345666182377537
0.157465184606629727,138.009594762956197656,0.840874329520944652
0.462107941929988220,97.155813848297810864,0.718060716538583832
0.209973027598942902,54.244374090534513755,0.566260505668138014
0.168588462792010674,90.034264440098922933,0.506780823499738964
0.772640610840327757,191.027198493168839377,0.568543786482036406
0.906294852716274968,176.265875746461375684,0.622217837715248079
0.520414416295790772,51.807114544148035407,0.815027320446333303
0.352740966854604932,105.525214309657613398,0.990183335293221667
0.503541471454245770,47.632544248716342850,0.841632547966635003
0.578112617536297058,170.037731608465520594,0.509842574679020610
0.804063221802336137,189.710189288751251979,0.579533567895737511
0.789786328875724197,172.044699569503137582,0.623858236074252059
0.231443526501174390,123.209542615829818146,0.820166898365888297
0.552007128374935041,130.482388212841186714,0.975194088524369507
0.823402998382541496,188.648266597497723751,0.899467016743285663
0.640496293567974995,188.918861781226496532,0.744236512520859317
0.205445478016793748,163.020201261354458211,0.910811855726058717
0.343764742259158373,159.451743546031565302,0.902677867545707335
0.238495471058042391,107.875337717087745659,0.529965038016693590
0.654725628177059593,168.929106828847750421,0.843673138611726436
0.944202293629441303,121.722706281078444590,0.808176864100043746
0.378831317933621903,33.412595437680458588,0.520470082429509540
0.340831567732559848,79.898153624115352045,0.536459816252878308
0.856497196614743772,174.769101938585038170,0.704950443331922139
0.765234482937442895,174.875477671405121782,0.577780428920384059
0.151692047248208034,189.208694932683670231,0.541372902920812415
0.478860114587952246,99.977068117949897896,0.772250597289118934
0.492635075825790969,200.451336892110219878,0.659338532723891868
0.389998076714644648,117.955803108338784568,0.919780586913448550
0.383214464071416683,104.778787103554066107,0.624751106195742700
0.423950690009536724,118.530056867343077442,0.941017812505523965
0.566997555073605608,187.473147606821640920,0.618116143242055771
0.807860341813792404,170.044244652760170311,0.815296470179982968
0.865575368542380597,94.611668074923841232,0.652118347542335663
0.650510714945602087,155.307203681606182499,0.778235464327961646
0.416687677158325165,91.764705419214280369,0.820170868891873295
0.389145129552084190,149.418788235057519387,0.881945151697823060
0.764507261286380357,211.943442714619720846,0.509048809583698580
0.919633103784824879,98.541020414707716668,0.832626573227781108
0.462613097890795577,104.942317197937214246,0.764230937222352913
0.286997742116580634,143.749153672285871153,0.982475054995995190
0.664107205948733403,45.323845596387378976,0.554667795833867494
0.779004626858121774,190.523604361691269560,0.503463628726765533
0.552609711171387130,202.507519545588650089,0.515017691355868279
0.707164923261507372,193.476979634459667068,0.550939884048336714
0.326519892031936210,135.144391293050006198,0.517860991078568311
0.561563610217596820,174.183940050032845193,0.704864050363914085
0.015294997077041014,112.826026996578065109,0.649206176113337863
0.282828615547492668,46.136934350236344926,0.528488553235713754
0.037105870322829138,37.903046701491362569,0.911820106129582753
0.800052748661147506,108.015466017406112087,0.772860230973240636
0.522333216302197312,195.720235321442004306,0.771912558853863562
0.195793972015394002,39.375709257668169982,0.945901337436760192
0.734499266506935866,125.148539959197108828,0.705494801324709209
0.429026927201064556,148.192595352082662430,0.577537601140457157
0.762453968364446788,154.325786100649139598,0.718108970105333699
0.933220449285952713,130.164955086130902373,0.822113993508331919
0.117218397693908918,83.357658155026172153,0.618560795804085850
0.039711541506233981,54.464480081217267582,0.977172608956436872
0.585547005591610992,147.370910849295569278,0.960508409479191139
0.519375565879985568,149.374797946317926289,0.949386636369234482
0.217905674609294775,129.853628992590358848,0.887425920541646929
0.613844378311226624,177.343428634326755855,0.748342842397616281
0.679141850422620430,209.711804759485033856,0.704333784722083411
0.145629552207067858,207.277957018606173278,0.622960393902795118
0.396079302444339365,133.705149403362867133,0.983718185930048561
0.944435804125335121,34.869897885166153628,0.786123147112322784
0.215606880142246937,197.064633932284664297,0.610586659601887183
0.850604208526305805,189.570695764310187315,0.733865429956749082
0.743082569016205507,178.244017340428655416,0.798568438630363309
0.844260966965073689,208.287145690287218258,0.720238023352208323
0.171775760078822753,74.422824553966862027,0.762322065307978303
0.287090623628789232,129.571642941761524526,0.925059740939931707
0.413438965782316481,147.525713377001267190,0.504676762679780233
0.400870080871868761,128.806074099563062418,0.539059180288691819
0.790742754699523265,179.072333658893853681,0.697181546536427055
0.685862227273366543,37.808696406668140355,0.638276525561249253
0.057501315085687441,159.726627263971749926,0.663104961437365636
0.468767118912255087,64.369946346627855860,0.676038844074555278
0.497293394694930113,115.969413988706605778,0.836057113957114240
0.076071582845197591,64.376509391296195872,0.824513182909054176
0.431933159863262861,196.045092213114287460,0.777827661074797949
0.407018522996626164,103.270045689090764540,0.688514001750303972
0.472326732422240936,93.421077114733392932,0.785711763581064315
0.490347697463303200,45.775025236270451501,0.807733532013376609
0.055410051434158683,142.918354598021750235,0.994096550195154749
0.244422700062831733,134.223634417223848914,0.877297770225886397
0.862016199308276554,62.389556735934888820,0.664475471765849202
0.923741579318456352,163.320850584013271600,0.840484933876388340
0.712303659129586153,153.986688812761485678,0.944491731013613611
0.000764759910624337,94.464542036521336854,0.707352099963006853
0.769985339344073427,118.873293992242452077,0.862711225735409259
0.114089416855914311,193.354026846195608869,0.699408987565896423
0.524588783438588391,65.923806852315578908,0.915756888511926936
0.909342185295907157,174.077249572007360712,0.814341159027483608
0.894706622763763226,205.493135237897234902,0.649807230590266793
0.768973107877472861,163.621489871766385704,0.794095092709855344
0.404323435185524660,100.185812088093712191,0.988873928788028600
0.137403727686687960,86.211140840257840523,0.754102369439707543
0.895895679284408941,203.159208012669125765,0.603504932130355609
0.623832741261059920,40.536218638623751076,0.830012682800596702
0.543708125690476773,199.491877411252431784,0.850884806252091064
0.387623201734207334,118.127185155250629123,0.709424527116573556
0.046157212513627775,195.022593058286730638,0.508049227993919938
0.682501067935492367,193.998706361841442458,0.744236512520859317
0.504750805388941459,125.060916747733614329,0.945783012717091420
0.803469588777309673,100.086121163726446071,0.727986571723338916
0.131838209730990641,40.395071025177180957,0.904359308295898501
0.392525063490745008,220.057435388237621510,0.594957638198346572
0.173239438039386406,167.721742156793311551,0.878612261703911601
0.881497468847968091,98.532344542542219301,0.847811571555909804
0.420734957496377293,146.682911717325652035,0.711260406277207435
0.325829779350199189,183.046117880420808888,0.633209131377677537
0.707381147019612300,151.447653028663609120,0.621400735127386361
0.212955594804915382,143.398521764635319187,0.965459792162962516
0.400048890267167168,67.541950289260441309,0.991807522922456553
0.342672877816822374,201.956468193769950403,0.562384903130116465
0.056833026447851334,190.931941478492717579,0.527182703670109554
0.932873896060588348,199.521137648785952479,0.605352953707962937
0.144246090727690207,65.112469449971285940,0.542509655716400863
0.357214450856213395,131.013402164292472207,0.843095345657473683
0.863751023498470105,117.665834741697921118,0.848566491264006406
0.608211671811349497,136.592753911341361572,0.529663940974297698
0.920755177964416416,32.483379729183255336,0.706307222348259822
0.581060308499682043,78.683980568655044863,0.710661273979148689
0.605706838863612873,194.097693669265908056,0.678299362768713721
0.603596857946029131,49.061677904495724079,0.895661513068605863
0.909628795177543470,168.427820796823766614,0.923960657763378990
0.033441901056817117,139.537865470492420172,0.788387417057968998
0.565898468430355961,118.860689720558397653,0.760973083051163846
0.398811177945445072,190.279097756577357359,0.818819734334041760
0.897781479302855345,194.503761833406599635,0.569566620629866960
0.464145854327399354,148.731273638177015073,0.949795010583441068
0.021259382026398859,59.676263602914509931,0.729872342924030471
0.320166071222497850,184.530047676798517386,0.893307184609940963
0.736100997557770476,211.427056078420577023,0.595850775281459799
0.327245959650927787,62.610766251484371026,0.533514218940977836
0.947012995137891167,88.544594301538907644,0.577969527533107041
0.523555520227569682,87.035649369368513817,0.762249091467698148
0.286984760587769783,28.618987369925559250,0.515075985367748013
0.114449975678590499,192.754581984476232037,0.700635658058242461
0.486764504648404650,71.284029994327212876,0.951659162624642008
0.699446644235654946,80.726749984636285262,0.820682861066882707
0.851660130275623706,149.019538015202499537,0.538558431804571858
0.431318805899348456,98.798201701763289861,0.875471599367681597
0.855524868412564365,142.363762233292050041,0.770735982545852072
0.537719591415880549,37.526164566281401846,0.549258951427476716
0.846945242450684921,165.760096984402082398,0.748649469459126693
0.430049888983372541,83.723043875876513198,0.654449256371837707
0.868625689057967332,182.737641435126477063,0.763282961709883079
0.528966333176046355,140.083384910918482547,0.767095917630506774
0.647140976709161819,62.302819354194319601,0.569612595505234354
0.772377983131711798,198.263631700800715407,0.624755544472251123
0.771608784291072936,150.740913553872900366,0.898679065145831624
0.770430347998335874,73.730876055933791235,0.885750555677131790
0.561103811162328103,68.231320659106913240,0.692455459574058962
0.391957758145823731,116.719822679710603097,0.789386005314220096
0.439138665726756194,125.384614997601374853,0.695003147658094900
0.727679403553895709,38.104251802501693192,0.570514308982406959
0.481540930778843301,190.903349443224414017,0.722713210055090149
0.862289455660054993,178.269571133692863896,0.571910336260005092
0.540209001714708537,130.337191784383406912,0.657732253005174239
0.402998139304530434,38.380843987233248527,0.534620486679489360
0.404931533266861932,36.907648375363628190,0.834023846607467201
0.472975343411835947,87.722311742155156367,0.720256843283267889
0.297501293203150385,109.853850259626099728,0.820670279708270112
0.869353914069264766,177.274478166666540346,0.953433050116939018
0.325050756357579629,69.752645000011611387,0.884206070075817641
0.263131655207746673,170.435796196970528626,0.550290538836182508
0.071201544173160394,152.937363006464551063,0.907121966585394457
0.257770679574049477,144.062691517640701022,0.649697324450542402
0.729712737358808483,215.426661876541572838,0.551734995370094516
0.837553990196209464,173.252458594721957752,0.662294351753648480
0.313730550894533777,131.202929248318241662,0.513373921392327293
0.799435818157188116,172.348248893986806252,0.777246206781500248
0.239032155089836662,27.561189617347910286,0.731665188145289358
0.208528964718116244,154.258303935382571126,0.815367791401227393
0.714404236330161369,215.435019657545154814,0.654555019403639582
0.723058450724816559,137.225566078796504144,0.971242039874996577
0.710964912026799234,164.789023255443083826,0.971358679046785967
0.121140109285105727,120.751172443991833916,0.797518845703383272
0.434876575876254390,169.793648534437465969,0.869345459702289491
0.042113529608781355,29.740932055828555036,0.914046582425531273
0.350306156244915734,40.854896119110520658,0.858267091182097985
0.807055936884082281,40.569985713709662889,0.793270744517824422
0.607863599929245546,49.455811778006705026,0.965788364365574470
0.941385414103488305,169.163645114510842404,0.853590773716546902
0.828867808487668722,179.496648055504550712,0.608989978420270361
0.476349867224032664,194.518730957565139761,0.658471270148526466
0.213526977884088753,166.030134851304921995,0.657221176214750624
0.913650975875662907,178.650682686790901244,0.809234268436430981
0.490126502674803566,36.751556213688125752,0.659901093086062596
0.853941190967193453,188.357481625800659231,0.551316708202516881
0.442689444080085315,177.764315987321111834,0.572870311219613848
0.851488638489727112,214.974702780987399819,0.509198385875711423
0.235344924991654880,131.468365470246851601,0.766069510956848720
0.430219344735785658,84.568974678797857791,0.727987023997422322
0.660651309642222406,174.881560350819171390,0.860905987022348329
0.816187783045630999,179.785633459910854981,0.806919766644574876
0.355070529727698314,80.217236986531105458,0.972797899258328269
0.212409242321032171,134.327754507680253937,0.838147927820529270
0.894264715471880245,189.543862342667779330,0.926758497252913260
0.704565578133334980,122.674495941768483931,0.962456837539775734
0.939087964418266918,146.947605859711387666,0.751695099843533110
0.256099572757044924,171.903591766902394511,0.860664865378427235
0.347477165655605047,153.746947382336657029,0.787138698907692835
0.307625142063002843,69.518922988570167831,0.869126211283359096
0.841848089387392307,176.076433687604236411,0.891155407606813998
0.275354934695865361,116.901779467461423678,0.660904670590629184
0.711418076512576270,208.858183874391556856,0.734096456997317404
0.476906164924806752,73.663543769066976097,0.969077455474847360
0.382638794899855417,189.137155475799374926,0.727535288363790666
0.238458185504845155,70.899056168463161498,0.735823801611331429
0.500892534705815851,58.481681680525724687,0.609954826696882391
0.923688118989510754,168.528295853134807203,0.743281386968478897
0.243974877601189771,128.165380154473865559,0.843418218870667591
0.604191678838719159,193.827589116711550332,0.744236512520859317
0.191014773996741882,112.257618578939357690,0.751112280687380007
0.000954590094234238,57.491234837148574854,0.737864888384250128
0.355209423290400894,168.736114479130890231,0.854750775141927654
0.116931319902727454,146.579953120208017481,0.653702879248353241
0.300149465193975618,163.382769048074493412,0.881755730745794164
0.804894948661072140,175.474588494671564831,0.743270120577635751
0.031850579960671956,118.403137504214598152,0.710704851437635399
0.383367837794880872,82.004408842474745711,0.635470926472759379
0.711601408793434809,125.450188687983526847,0.851095875671660895
0.547805158183886642,52.736279918828856239,0.958592302607588875
0.494622678056019061,136.032052635748556213,0.547402121928322827
0.212851906301362748,88.828144500531564631,0.680728982509834823
0.520385297713155559,199.313136233612198112,0.680092347558379551
0.203248546252301487,172.628806735723998145,0.586896187496453114
0.398152209755642361,111.247431344627855765,0.967826037307654596
0.554922498570149969,87.403567822099489604,0.911993051621742823
0.126527199726639589,33.710427656815205921,0.730140761826401419
0.568448737348065225,203.990010679511016178,0.561204886064480268
0.586347539706289944,133.026589398830310529,0.583542694964871211
0.320073534262234893,192.746364457991518293,0.782394563880935756
0.414912260341939232,190.605397800214660720,0.753796746008474794
0.850971500250154445,81.073342186801781395,0.630278616296235161
0.382263851323430159,153.174485819017149879,0.592855036343429398
0.445901739000930664,86.645715591159429891,0.757257551070699697
0.721927658348665680,196.231375329285981479,0.528168736235817282
0.588106525012653925,62.125305568880008877,0.994248046265699736
0.912590331755463002,135.237696351839531417,0.975874660379291159
0.507570280456576928,70.440693949290732689,0.703342006461143310
0.880506744623300475,172.260505131152484637,0.590095476759555537
0.599165554179612148,157.463670856257579089,0.861836970024987048
0.404643057765990133,137.672078218222964097,0.932688768616995567
0.535241067143276794,148.122157955294085241,0.926132661672973034
0.535961982195571229,163.520773987238356995,0.779642705438612693
0.677998103324596091,160.596977728373701666,0.788801935493253614
0.938496374008393808,93.054838192077340864,0.687541628340364475
0.670872962063056022,85.037239100587399321,0.771620911087825823
0.664570290145175990,139.989757667534576058,0.958909856512775383
0.414849419612463466,137.058073931838777071,0.763631393066907860
0.529511860947008195,212.716044967325842663,0.516800086200754016
0.201852635415717713,197.897083400172306256,0.540494333522213877
0.357316024210662497,137.352370603140172989,0.650588416740392472
0.896313692566531706,143.556686721323757183,0.795394560481179402
0.043231934691921409,53.794451389761050564,0.834079441862788484
0.367866208437423958,173.250817887286160612,0.582901854270787778
0.597089303094858304,129.844582374153162618,0.994442842583973419
0.607500485896005360,70.049857076991315807,0.911900665621619311
0.930522556729044825,131.383373148125315311,0.994534280588905029
0.793124686932344503,128.688120015700746990,0.994218481768606055
0.516815846345908048,178.636771172398084673,0.756635820233318768
0.589827336893047116,168.292861029678590512,0.782509567931488847
0.502783563780447973,180.671908086234878965,0.834781939665784622
0.428465568191102819,94.549985453306049976,0.835685341820787797
0.706594306512647985,140.431863083426321737,0.604875962618770968
0.257005546271244611,141.699617803292852614,0.511121282122988019
0.631727916763600628,111.151097316252986502,0.888914882739387346
0.202201483571794849,83.217801670092214295,0.896067642282091348
0.198432872228161555,189.429877673038447483,0.813936755779452570
0.865929237012504349,161.458746610265762911,0.961695653555940888
0.677756807685639839,227.743242758219679445,0.581609144465611738
0.931168151568333657,136.210321689624663577,0.980681967307134084
0.883446411783994190,128.214988273108815520,0.883151442627146954
0.146622658606757744,107.578354901969461821,0.511793472915169634
0.301911320155860086,189.983993138674463808,0.764027587912267325
0.539121740272195171,168.814128859692743845,0.765443949538344937
0.077336213353289940,134.788281534714997179,0.562064799225319378
0.537262953928312914,128.709326467196746080,0.643303902523355120
0.694518421204972536,177.666584271437642428,0.826262417215682721
0.920623058779613368,93.243335123274889042,0.591518536567267494
0.788048813778062573,142.921421274014534220,0.954428813163196610
0.952656067025632991,147.564052384977969723,0.984640684092703333
0.900388236481035276,179.201641647903556986,0.768098421316695035
0.444097124048558778,67.181759780299415752,0.728107001468335957
0.332452702988109750,175.966093680958294954,0.821887676901130071
0.607525856727642144,66.643990785773965513,0.985300039614311673
0.748002746474658697,223.383204208164556803,0.566981291221548611
0.284385242653010240,78.856411028224243864,0.521962058699805609
0.758240244615315584,149.285245382862541419,0.957106792708951604
0.788605396969502381,149.296978865554166305,0.599818157191248313
0.783207644950480564,136.047969732568816426,0.582254978175846483
0.948730840295783473,167.577578257656625738,0.887077190324483844
0.896983730897958242,33.039078865182979428,0.801082732003459919
0.608645542818760377,148.055207113167085708,0.552695920166280108
0.679663189349603680,193.595928080076475908,0.643978580970842263
0.556221474096371238,177.800003551435366944,0.599251690484495336
0.329338467832474613,104.482321235982269059,0.632915217807080932
0.265166233463468459,96.547947169150617697,0.656617877899477120
0.782309635881775378,213.968715895336316635,0.585231186413571636
0.927252041334175936,85.568919853949722665,0.651635486154331312
0.828967988092801589,113.029931673487141097,0.849532125686351502
0.625096792141096813,182.390473915979839603,0.798313543945350368
0.595827225604778743,171.376199019110288191,0.851860602238889486
0.268813095265573787,64.396497258144663078,0.632289710310099173
0.218526163326151379,176.549734267725995096,0.630773324882518804
0.373669369603463308,172.260359585817070638,0.768237588711013331
0.788887312536780683,222.447212940078628662,0.523929780664422973
0.921474379736670346,162.560117675181345476,0.907788872198766361
0.773061757607697797,50.052862093255654941,0.701060043850256109
0.370255543958794398,72.666048575136244381,0.942518991995462074
0.488685930289612602,34.768137316654829760,0.539053156283438306
0.095232953371900075,78.658417147091100219,0.858057700473457086
0.868148092621708556,161.241742206619903754,0.601223635223937736
0.171077934554757533,174.646466178470234354,0.736433118042297608
0.092917505461726918,153.640050016177667658,0.675815220720117016
0.287000365139323588,41.389150424853461629,0.541610438004626049
0.130079788875046898,132.671513140353653171,0.770876350953058509
0.592896641488021237,205.302974640498860026,0.887381000169646050
0.009820442595892291,141.525145176142331138,0.619460830873844293
0.883568501877657231,144.674084643251802618,0.741210886722735496
0.529884270132148227,150.555130955263933856,0.707711288292338092
0.017580672550901063,66.294717465092460884,0.627977095263566598
0.817510832816902178,209.834809667723021676,0.580696605987162329
0.678591858692795036,49.053812842929865212,0.691289498832329929
0.402172512067379362,30.408409504637678111,0.633393163273083371
0.778883998351859286,160.923141470652751650,0.850393273089891877
0.760273590174607383,185.001965908707774133,0.623199273508528329
0.478079348213213684,172.057516223294214797,0.980707159637726700
0.815652304708401887,174.477884994077726333,0.913609116477011929
0.444409361218303711,204.775659144699943681,0.665476844564472314
0.360845592939795734,189.049356506645153786,0.616750425219611986
0.655193544489530710,31.806892545361900915,0.804540411276370548
0.630851715090046117,73.915368523868252737,0.884004070469667447
0.078810641345777629,94.077594743506793407,0.770795787346090000
0.182331896479802802,49.893930408398887266,0.832336485900524004
0.381747257285692809,124.876467990082829829,0.616671800793542002
0.400713446626315140,197.553397407719728562,0.801486823538667403
0.478247647396261355,156.381633456405694460,0.657456535309325130
0.722760101879579508,182.889606172359833636,0.802186724526327888
0.587810760951617772,208.523025495204052504,0.607078702965976214
0.139346736595530679,75.861284399879423290,0.916871832483044713
0.107904535560227388,211.596278858135349310,0.539271527191072630
0.761728189510105236,118.879914699518224097,0.737843422347883249
0.226998706295063829,51.124325836154106639,0.780150587511494464
0.948422118146666993,170.367714061356878119,0.975804592424482475
0.676507723569935271,119.529086350516706716,0.993962081102735651
0.824631910975475280,201.298737512489509527,0.529988405849380118
0.147756329541045700,198.063753537211965750,0.653264128591192761
0.667669618702779410,155.954342934904218509,0.835857381784731901
0.227555320648999332,143.926497269713024707,0.886306598138387081
0.265699557689521415,184.244851684659664670,0.790385441152237855
0.537890218480727489,192.147626469693790341,0.709458791965949631
0.730560297736616793,178.975092562845787825,0.800003252488344807
0.542255708205049647,157.719410209800230405,0.548132032355238774
0.230102314145820164,197.206448163801212559,0.723089881185025818
0.453970802281135066,99.592434228883476521,0.524313008054584362
0.746371449204471737,195.853787046485876999,0.670022687823985441
0.507498044383379754,163.147526730076407375,0.906782110060761926
0.574387060576427411,72.552865207234447098,0.936603632810136588
0.334218690764472970,70.504842102171238594,0.745578387544122201
0.181503257626809633,38.507540127788864481,0.776552422438320455
0.586890839368579331,124.452818485211565758,0.955904882078545182
0.677933154375880975,152.052601467399085777,0.748387067297475284
0.900158438012244266,93.540990475800882109,0.838025560945476533
0.024384091340218350,66.331916105625154501,0.937266954687338893
0.724304465246132012,148.738146113024981787,0.953712772696375222
0.504657446233496954,173.094497447682442726,0.559682369043875139
0.502729467722293655,140.451026836807386644,0.710974123584080075
0.443604023106404288,133.175635121952467443,0.933886310826404387
0.870479725343769606,173.661307552402661258,0.631916944803640246
0.393976248630813541,152.298764450039243457,0.633923533617966606
0.470335192525584200,190.902489194463385047,0.531311087933537096
0.173740723346538145,165.820114768427941954,0.536054923055922838
0.718194172879449977,130.891307024666758707,0.731334043786143084
0.343074203324708782,151.491627109467486889,0.652591645683986643
0.941084737574862884,122.391583249639353426,0.717267789953987656
0.878957102440322768,165.159455508214847441,0.743026339268583524
0.815341969325768745,84.696633387637149326,0.841610480075509981
0.859256530714669786,155.197792733710940638,0.644647220292583034
0.824625878476044072,185.187912885277569330,0.613006672204012504
0.516495079045743433,211.779876916571140555,0.622595385425336545
0.177491471850743515,99.112738157867269706,0.586449979748342454
0.197187910553296403,171.347012594080950976,0.887441655102964577
0.801380911224103376,187.093362544204325104,0.801550577531254471
0.418361978260452350,99.988095851362174926,0.884929997152249292
0.193653649448109949,200.351648493086003100,0.789443571796259347
0.563954983862907544,154.548871484013204736,0.991300982844073864
0.268223861460010260,83.927510199367674204,0.971929935772772202
0.594114106467408920,213.393448477245783579,0.808270897666450994
0.468208733862903737,186.952673450529829324,0.630443246542502278
0.300027330481511811,147.576442881370866189,0.589192320247974188
0.514496691566903697,118.244433792487512846,0.549193515266985233
0.877957601909247765,211.136493155780385678,0.636703011132945362
0.892458306061974516,203.457343180470104471,0.669314992757347405
0.580980433184629108,124.024124378058743901,0.920242142239814598
0.892529890300512552,158.890083750380910033,0.848257483365249865
0.014970498370189645,217.835833656619541898,0.504207969042930859
0.328425317780167481,111.226703557484171370,0.830502613855528593
0.595071094006991985,208.658606533013653461,0.779553436254671217
0.881274150743727391,112.011875720002279877,0.571656266000037161
0.781090319193211369,189.549868001151139651,0.948935510726765963
0.896827417313632913,195.162037714393164833,0.818728290712538387
0.105564758375092577,62.443976746965404345,0.844110479069970054
0.097517987201654180,148.410257981453526099,0.723637321475178008
0.360439066737694491,110.745094853998054418,0.789351268566565567
0.725678695061868440,54.956804796801712598,0.661070412718211431
0.587075069939778316,178.034334817662340811,0.803005227527869847
0.037484427671875577,153.099529921944139232,0.540013024578499645
0.713627314537945479,179.741352718212198170,0.648856591361518853
0.894334254160748854,104.575625563609747815,0.690551671932098321
0.703291507663713511,181.481718969829927346,0.900133718001282501
0.509519072678061069,162.831070345447955106,0.655673776131901143
0.868789877865563276,159.050429384477411077,0.941870853643781425
0.761720480408743961,158.824312788218719561,0.888074686458899976
0.186200795812366038,158.236177111241005377,0.570956453144883413
0.041941298990878853,101.635152058768767347,0.646551583763416593
0.357596465120878004,139.176511456940119160,0.974332791319465152
0.136104099658833688,37.892165157901935402,0.863326690482111969
0.559023861098005170,126.009076798656366236,0.994327094806498835
0.521936342224386673,27.786098518243619537,0.716623809609863938
0.894224341529307409,146.029013008371720161,0.941768044594757381
0.879994421431628870,143.204681601987260819,0.789311300422383733
0.016292511703518739,71.921905622792181134,0.738647455314020984
0.869710559507155256,179.787412005365865753,0.549036913377709768
0.385933822267145954,111.218320337109673801,0.667845129368071500
0.445270855230505025,27.794199221498953278,0.619030604815603347
0.629145264174800878,150.526146630114851632,0.961236947250290186
0.552476685593440875,32.014533806204802602,0.752112327648206125
0.431007299047097892,27.638423673292720650,0.846873305793086173
0.678074463200664890,202.953587027137018595,0.611800046412613985
0.678603444324940352,167.830510719005815190,0.849552938617609499
0.015682420518172934,60.751456133788160230,0.941895311366332866
0.258669093620311041,38.440672566935148780,0.565299632183553613
0.223799421834365297,189.021046388250084647,0.921772087206401913
0.950342601795397313,151.012901254082606783,0.979577626499651410
0.601607772696485688,76.434768904268679535,0.613757583359550551
0.183740982182889867,75.294854123786592481,0.960687851706231721
0.483632772435820701,113.430353167731155395,0.975406253168209392
0.697284400790745496,169.173263306103763171,0.550142105372077750
0.737772685524568317,204.595929189636365209,0.516521532057284793
0.506217131904776796,30.228245664391980796,0.899793930031359657
0.431568540863130679,176.700814273543358013,0.799196671317806473
0.426262580057944540,52.997591142370914952,0.858089214721299065
0.259439829462018157,116.065441533604271740,0.789638776932129027
0.442803939654466738,159.183791405178681089,0.756994971146218720
0.489847218568480847,30.808676739185404614,0.784057546138032579
0.271543080646865664,145.921486620387952371,0.577791193068502906
0.802164374715025774,85.503033173002435774,0.783736891383376100
0.239527517205849527,163.160760454870285230,0.669275639124301769
0.684677529301762955,111.134816312444598907,0.977301034313430517
0.909123742939463075,195.853683621699076411,0.590672489872263506
0.715792121223007949,116.717665425002294910,0.883552167175290393
0.772695239987904237,102.299754313806204209,0.646543195359484457
0.755223203761033024,124.813687778733566347,0.634018851380035220
0.687324385752289935,96.260427433505384442,0.573588481433245145
0.906037925395366317,174.046157103200926031,0.556977696311557691
0.521752200020660362,124.547074724458141759,0.797671401187214135
0.950004278455331752,141.783581707340175626,0.788432615672694959
0.487704002077864962,221.629669094803034568,0.501213242005874582
0.642111697246639190,167.421119108380366924,0.758226793528624876
0.783427387658566787,144.626964772762363509,0.731451524092530669
0.069456099110893010,60.633584840514465952,0.730649699532916141
0.732600561893765989,221.059749613617157138,0.504390011535215566
0.637901977484182203,119.946596704469030215,0.594069526581091800
0.194242869367775683,188.446551477474258718,0.770805778987636359
0.227623036160656461,194.592579971087644708,0.562619141123649191
0.045417061807157849,197.151886816200402563,0.758800994408959983
0.381069710261258465,158.278149306360347737,0.903709284186039241
0.778193796295227558,112.682335626113783178,0.558548117507584596
0.465529872286984225,122.262603669234096060,0.961053575799186155
0.913709971509696572,173.290058839749121944,0.782676543040853323
0.966020086864611605,46.099851615178245368,0.645600860399841769
0.211604790977198781,188.735885935464494878,0.765280752028390854
0.575024435865941430,131.134318552638404753,0.969875486983862389
0.595599443389625671,183.728476026702736590,0.861792174371422082
0.940331640821218673,71.567326022005602226,0.533439762251077698
0.816338696310539791,171.191361258369852294,0.568871475212187949
0.345002783267106705,75.236094296641539358,0.719836582515127943
0.653584515061557902,143.705443842618649342,0.869369907177029999
0.175286530763550802,130.256830796039906772,0.603204480214782346
0.486547969441303685,102.530542385367311908,0.826810152747190608
0.533894089621821277,40.005694812924765813,0.982083775442011864
0.835337465278604308,138.532956570571599286,0.994516666547839434
0.167724347437193111,37.589038126149524999,0.577427128512269849
0.668169674687689841,152.317670776802543742,0.884506231857006719
0.848299416772236969,128.521869896570365199,0.904508369403940304
0.674899845516562014,207.885196049319063150,0.683357442485011957
0.400051393205182904,136.150331901786529443,0.750394852453365013
0.324203365816730149,171.646533116933397878,0.782648607197168000
0.931517487330319693,91.428340940667439440,0.515814112474019981
0.333639032116850254,111.183642994441584051,0.813277342412833337
0.195385970088551963,36.865029145735000782,0.933076747114251037
0.475319128863774587,81.096304368541979102,0.774953622195943104
0.014083354455574255,109.209688932228729641,0.970193377819152714
0.348490385199455688,194.739032100417716720,0.536613493548720122
0.423882405249131067,155.947246835986362612,0.904049959647811763
0.592385512801533176,129.569578861378374768,0.933150244957426933
0.692648802105211736,204.927206803255160139,0.622147554659096658
0.909600340668822782,192.038356548848440752,0.896864933646112972
0.747284523269767686,193.616103011828869285,0.648781864252330753
0.307019092155611906,45.663407292368532353,0.856778823303074200
0.656414958352020017,117.210928240379487875,0.803841738395353889
0.813495352345728118,179.652861898651593719,0.554145561012811094
0.714446412272855880,151.796639732714197635,0.726728505926435231
0.287031131153202723,26.544257533177621156,0.544164982092393390
0.848629103878785207,57.998189457245480583,0.641281131170847063
0.267436539150701480,79.149195570495407992,0.940483325713055263
0.690266969154884835,204.007706469564226381,0.735460785491218294
0.756108213323136935,173.872946197034991656,0.824866807245411393
0.011607898847070471,152.618519531773188191,0.816300430127477994
0.303106560488960286,170.320752105824197997,0.923408120913392638
0.390455181010475993,103.533376397753670517,0.894104585880250213
0.333434286815834202,48.619699227075003023,0.604245453878237360
0.742195657242623485,148.324557664853330152,0.533717619001695120
0.609561090569008757,150.702115231624674152,0.781345426616799510
0.181648997385933098,140.951069277229549925,0.878732982442205768
0.427051430098208007,199.378388869958342866,0.829910189646650309
0.250003681018244939,75.625313088217524182,0.552727497874875628
0.053895786058893572,50.234832820013245680,0.914243505687225677
0.472161907159448335,97.973504213220977022,0.761651628775225520
0.939469724311736365,162.386909413655843082,0.727334518455709622
0.943806451539192515,65.816569590200217021,0.791245577092212882
0.292590766302749383,64.972553156702289812,0.832171209516267663
0.319745111709200336,177.218549738803204718,0.838067061766831989
0.808127526353130232,202.278323379627693157,0.546533790751056459
0.789803227324014756,141.524113831329799496,0.845797183508233852
0.479047901158979494,57.497529715144615636,0.736385586762859812
0.923902487399650085,189.836672652113151116,0.766001060551400492
0.176885215029048748,127.111247769828381138,0.892287156606156540
0.543914662614234157,39.753484137905793716,0.983423284673228038
0.798873234399829935,98.660680306185454924,0.626768479178648419
0.866470252283803366,184.881749843567092739,0.688701681952692990
0.398482871655880755,180.600188458822572102,0.849121307992719565
0.552733343274249500,181.143862898427897790,0.897558696431657754
0.696895582015959802,97.888802506351822785,0.711657376284324128
0.913635085537312541,80.130202465371695553,0.575157511130904298
0.343511885852427645,123.205792849106828157,0.810836418436994499
0.099423283167650325,190.501048913349620761,0.901095084915591427
0.344224054907262600,61.853066566885381405,0.635269338285654461
0.660907002729006154,174.392771350038145783,0.558046413648177198
0.181656328749775137,222.044834194551668816,0.593882265598710823
0.936807480325147934,162.606628544951519189,0.898974879174991415
0.369277548609644235,193.396432199677462904,0.828347807916944068
0.061012319105317916,155.248755590331938947,0.988913546400579824
0.089558351040736381,67.154495498623177241,0.920805241361791316
0.453673702567453596,122.929922707169922091,0.984705198453953434
0.163082879456166924,184.591571755046345515,0.714160378713434740
0.673269722215816602,135.095317111854370751,0.550563770013836606
0.783247630279070073,146.861237863579106033,0.867470921821520746
0.779890206959730992,169.030249866881916887,0.890596026399199214
0.004743753540550212,204.915115799975239952,0.912433575538086350
0.295790970978240642,182.604991230505333988,0.520217484810961417
0.662359069671569878,190.794706511385811609,0.529411319011350190
0.503487294956072917,191.146121258988813452,0.654791066473536687
0.178824908438425551,118.391429173184647539,0.943499687579092305
0.580666854140058586,44.607104054832745987,0.909359448170415696
0.803964676836095071,186.777184412514770884,0.561465108119313050
0.137954529316347219,88.773945219195866230,0.837458552313506077
0.243350988583437261,64.913013446270966256,0.761527855228625983
0.627276366137808239,148.511456672357184061,0.809317376090570195
0.435648670428330276,154.328907392935775533,0.960744561843725919
0.307402305373924045,156.182748822551843659,0.554608564487952260
0.461828893230507076,101.361293372894422760,0.978663550486649436
0.574661590794308008,168.218936870408612094,0.866085503086834851
0.817273406174031325,198.898588952573305733,0.637050438739541147
0.154573084319621884,186.945335081627632690,0.529192608691069988
0.700026423767148187,126.867830569874683988,0.695947754989986400
0.460335158546688994,171.193808137399827274,0.957355069272677106
0.599542484880712045,181.510784959393618010,0.521492936041950128
0.565852541699353062,38.326186819492853886,0.686074788149558024
0.206377535223983721,188.769928284509688865,0.631733281166124150
0.001404121199902225,77.593132237556432074,0.840695577677767591
0.758457888483802467,41.816969820434529481,0.532694454513381155
0.397559510987351594,161.022818626056618996,0.617281260919970154
0.461957978979609385,147.816571754637038794,0.607354050295657255
0.851539155628961208,127.697825153305402068,0.517316183050604339
0.819468067848689419,117.160572419449835024,0.883643653126831907
0.787551726477682457,74.025131557721920217,0.673968939969794234
0.737777330033176471,148.152408369209865668,0.918757254568194792
0.588527408933778862,131.826978710016135210,0.994168398812343312
0.922003772140536526,75.154771154890582352,0.537432194054030088
0.490486394067115639,203.343195105958329805,0.523175049720971619
0.607229089211900441,165.134048531516555158,0.833007799166507246
0.848753534685301458,192.794249538874197469,0.802525104430154568
0.459387588582657269,36.361624543851426949,0.805701493352595777
0.666576369397931412,68.045672833959173431,0.569520927986851833
0.266586538704688236,157.587960185529823320,0.563607495711331064
0.462214653629469119,169.034302322505340044,0.897299438802465987
0.679035769850347637,196.551655605605930077,0.879014677771871256
0.729124639174796974,212.786299817648341559,0.636718713894001476
0.431236341336757478,128.846705883128720416,0.768916611902297209
0.433243339627608803,195.836274560958628399,0.511927886657366105
0.785108973853387848,133.523956371893945061,0.879009474532001511
0.408887625142155486,48.695378557130943875,0.677195682511330110
0.840195880707328313,133.705493019117795939,0.731618746411936138
0.405139961175510210,51.810776979604625581,0.981520238851799509
0.418356982339585570,107.963431551686070975,0.871069845936371823
0.297965006371509356,120.919943012154234907,0.736591986031945645
0.039544041482686379,89.432595023169653814,0.525454974403761543
0.244632928611564021,198.897510619905887097,0.523259112412047034
0.138853010430051299,196.585301365856196298,0.722636555667254599
0.251367323313629543,56.439326184447622836,0.634536051969397108
0.226835468466957818,135.567982402609999326,0.692834074184280335
0.772031087234100299,51.369793178160648495,0.613199973199889614
0.332122481531419267,136.151362431039530065,0.518851662026147742
0.339838164388922892,181.838756051568822159,0.708900060008721189
0.708106107288563602,149.124236440118551172,0.882352679578185750
0.298859261190103531,115.904117717898103024,0.745121330117891612
0.800863867324177026,175.670785653707639540,0.572097512513704887
0.697656325123744203,121.516652531681216942,0.852108428167065113
0.529470238047953345,189.760580120377255753,0.559180764804746877
0.406370830472737365,165.556106872606733305,0.902359961036544922
0.657648088477600701,202.721780646876311494,0.763516453684008334
0.930466211457469994,158.720243911529422576,0.857709575108564826
0.522877572882912700,58.949141279895755474,0.590730142033675132
0.418728867292823603,186.505966757054949312,0.642701409129097678
0.801417443683407837,123.322781176156738070,0.883995461766787893
0.914159639224978893,158.634663278686986132,0.537683334140864444
0.554614994649054616,165.428509053126333583,0.944994852168565602
0.700040885828082105,207.288735223179656941,0.665167478914425625
0.272605620230787882,111.753734205542627933,0.658211780107301081
0.785177381629880489,180.610450543276613189,0.895503255737640336
0.695239470857445530,177.667760161054957280,0.605591053319366024
0.091480283500725929,71.861907208625893873,0.624418175106376205
0.123609893772042498,199.601165169686453282,0.693638766607192814
0.132426476428788270,170.057636686627716927,0.903538734961695456
0.925876133427760761,199.151626470720088946,0.628164970030009484
0.833862823862521085,141.877262385831500069,0.691168216548941339
0.603486869122763947,39.153888082547901206,0.926508814101899225
0.591771697660858687,188.999926367620673773,0.734552569428224444
0.178802194017523536,197.783123457225826769,0.888340893294846334
0.801820693325704603,144.231703349035001338,0.818492672488210005
0.227543749707615595,211.289847256117411689,0.779271078123116023
0.459714556160962795,96.958209501530419061,0.798656559680764433
0.092672933567795074,142.801356872210504889,0.966400390011675992
0.915849196397011234,123.981879461935875497,0.611131702773401453
0.451997090000795854,74.774691738006282549,0.909516926810199244
0.723783204507461142,194.364534345231561474,0.749195376438132832
0.875062207280201343,168.487885103126160402,0.670351047564647362
0.196963831244938548,139.458459500970178624,0.954478033327555320
0.300013688202695361,165.018347986784249315,0.892597699262765554
0.767250011341354288,163.623062429480313540,0.692300009865277843
0.304173723116339112,162.874923610108794492,0.909092281922232681
0.720383195217477401,167.364322160009834306,0.789238543175829532
0.800790401681517938,140.336780143356065764,0.910482713626936224
0.142832685905464968,144.466433062656392394,0.726851855717425499
0.406943278614006643,77.301161637682170635,0.851481417635902349
0.491650263248908148,162.726704782663347260,0.771816513672844096
0.907072957205899533,112.160129436212912424,0.954832545393967780
0.189297286386230307,201.572093041048276518,0.591478594118068135
0.344135170098624765,171.243072577244021204,0.910038796891617596
0.045868155033229531,70.481886352368860571,0.876312100796810212
0.348748216225895191,120.356948875440707525,0.523410019385154412
0.663982363598534131,149.857127799782915645,0.937415666427204974
0.027123771453210946,31.836400554110948491,0.632846281833407076
0.563145258480068134,143.831992636437291821,0.847762625727686459
0.421851571911540046,106.384505350953247671,0.572330917696349029
0.846688302279634097,128.538351746605599146,0.935393788783098312
0.261100643994858661,69.157002492320614806,0.590649150454057525
0.432566281010173415,172.747629563167834021,0.838510359442419473
0.751749096895365398,198.253483294066256803,0.671707775753820790
0.937683861020102705,92.781617613457427751,0.841075351215104572
0.769536739962201399,187.627022535560030292,0.661011494813310119
0.671798878339877503,186.621437571172180014,0.573987292761122481
0.244599969476118395,43.961903293042524865,0.633979528382378144
0.599076077842213950,143.892983633363400031,0.933103126702094610
0.803741498510121999,197.453412377934625965,0.549398812193113928
0.718789054923758219,179.325152790296556304,0.543847871706049313
0.223820029047710173,210.041915541206833495,0.635188628929100996
0.718405451772983761,167.731880670725843174,0.639840284945510263
0.385198111510185959,148.921170171348848044,0.925635675945807868
0.475188469169530558,162.012599923676674507,0.976971005205572895
0.610254622141479075,48.409669733217683074,0.670957183121654643
0.778911685911218288,155.248684538889733631,0.971660663919748924
0.129614834432934589,212.364124158318418267,0.505696039069892911
0.119467682858751686,114.677830136310120679,0.825402896912967421
0.447525540181836878,188.874040402698938124,0.521005267455209586
0.325680849319820498,140.006167428330059010,0.855215137151347449
0.615054417228341088,162.584962646112956008,0.650534428542751897
0.755414569543958803,148.014312239654913128,0.514998194179279833
0.495614510186152990,168.416312102815254548,0.890562043912564549
0.524116375361970532,196.795215604855115998,0.536035323057300395
0.772806091686913388,187.258916956214875427,0.505155556890097501
0.870733525634597827,159.719126172362166471,0.805597437037576469
0.655206403925672420,115.773264554483588995,0.905977383876791054
0.775102982489188630,146.876682111272145903,0.752886794919629398
0.792203254519285416,74.100964375788535676,0.886826494375944296
0.357369534977706071,152.362272945523756107,0.525425597762916752
0.939018008947590577,196.635607742720338820,0.692942854415264708
0.089151320672637507,29.579768635486203721,0.907978740417629382
0.417291913748590926,168.018782157730896643,0.979536031839080779
0.771790368933294779,157.555846966154604161,0.880749471339624446
0.320270824814532840,120.533156275044078143,0.851434727014166337
0.741083950668878777,211.773793183808351159,0.523227575158218716
0.097454754369706603,64.411529646079628719,0.517048740514157390
0.446494245236164100,159.693161845479380645,0.984904043188799649
0.407174111798791649,61.220641992070667925,0.808822137984704703
0.325256274861291439,115.812137633361430744,0.909056650755071693
0.805744385158686183,193.228050205955440788,0.550400328790925597
0.678807945462851947,167.061822501557259102,0.972305221254094576
0.511386077876754830,133.934054064125376726,0.715089317852779960
0.181560457862728980,56.526576224334128540,0.843143198743692368
0.528758837655923575,230.504481316771489219,0.583113646689794707
0.885607684932816275,186.718658946558377920,0.592760909249129164
0.188301323653416591,86.087090828342809345,0.538196648503699637
0.396363580113275493,29.768573727778051108,0.524646487508970139
0.272757032601048277,162.631371841760739017,0.812572755729301877
0.265517582917156880,140.948558451676120740,0.893308111708718044
0.492201877864275827,64.890918861716116339,0.885550674947327865
0.436069816015959566,43.713137983186761915,0.872633748877474025
0.701772400593249079,215.173973259093770594,0.608591642928888121
0.917119002790332205,90.561218347633030135,0.698879190513563731
0.490357280485077263,173.888684404305905673,0.904154196403326282
0.126577847884381700,140.378682042251028861,0.825121782054882180
0.463872741811798661,118.045097176436030395,0.838852092141974426
0.182406406717852271,111.948598850809204919,0.849841414906717940
0.111312799050666864,61.409111445167567922,0.862044765656645007
0.367641087081591877,106.428944436819094221,0.806225447212652102
0.572319699752395938,167.564057080024127799,0.966534655684042177
0.098863856440222248,167.211093703748730377,0.950238913718434608
0.051014395016969666,200.479312170882565169,0.969768229100834045
0.344072699802437265,100.297575057057045456,0.711687852191808412
0.877645320323216627,152.509488627453947629,0.925641908318584949
0.892109730620321617,91.457954683399691476,0.600069717375503298
0.841036114388110434,87.598936770059424362,0.619814037053120548
0.275087930399510072,52.596354359460704586,0.958936349719455738
0.041573207641489578,99.985445282851856064,0.509932094570203276
0.793324010440858873,164.258474609135816991,0.688894704648078227
0.494327973906029450,64.269906577771052980,0.958237639611922321
0.910103859298104778,204.213489576299252803,0.624965750143093413
0.164766891245500091,151.495597749712601399,0.621030350001900766
0.448670062846252493,44.566022923255573573,0.684518035304848782
0.374978676396798383,191.458027463210527230,0.791397491595123515
0.813180765316150578,154.281673698469631972,0.981741239355691020
0.895221652816794222,178.907567275188455369,0.933966136533723845
0.792076958872554804,188.107192102466598271,0.590882276644234983
0.166010582072380730,161.952785735679270829,0.602689694495425976
0.012025061159931887,173.034594045480673685,0.741906312559304171
0.828618598151125485,208.299266997965418113,0.507164000236104862
0.348226429736033516,186.617114584362298046,0.626123335535565317
0.815478022661445201,183.371730917576883257,0.826053948087021372
0.096490089908002091,197.926695031259953339,0.675125118101606692
0.608211102331298936,179.668054320885062225,0.500467607440895357
0.477729700862354389,52.865502920080267302,0.879914285857594014
0.517724454945442947,173.752193232066076689,0.834141411404828670
0.419262706112523142,94.749576263127082143,0.707310801449917759
0.641725867444196241,101.361025743168156055,0.663114131467965828
0.859846559387188014,174.287302818025494844,0.694314233184601060
0.586956667954582234,155.394714666005768322,0.972262391714730390
0.509882873067749820,119.064559848776596596,0.536328239881080915
0.148174908463624716,128.461609796670444439,0.783893801575752835
0.430390973958071632,98.588777399440004956,0.902833218274418314
0.736944276318693192,133.574178480702158822,0.815551032032261425
0.931228979167656123,194.691445348233884260,0.748881443295709825
0.251533186557449828,130.633536307574701141,0.520924631870806731
0.467564430098986350,33.966943046309530985,0.527444203019613478
0.810691150016165429,169.891822239812114503,0.860251948290812640
0.540173304518016706,65.997655298989428729,0.977255106603223345
0.479019625711367414,184.161281724761579426,0.830193406399315936
0.654043881902997781,150.686165290316125720,0.751780036919393657
0.964397242113352871,58.704082881798662186,0.625222371297674995
0.532450345487267440,115.063720315653100101,0.760124334598199392
0.687249488144104470,183.643873113091814275,0.864749152473363258
0.018563035933935410,91.385262171681759469,0.791443737783462886
0.727904489219189710,134.314476194461633440,0.647342127030091974
0.960248995869001920,72.252958780039023168,0.704340704760623049
0.427140313991803966,185.956640288523118443,0.628492823667532785
0.824891640338425214,185.354091169638621750,0.567356276165911444
0.384362851136856365,144.083464137809784233,0.928369145580786759
0.743047602124619067,193.079661984586266499,0.759749957909214624
0.404267342787338835,182.920011705458421147,0.657115030956027857
0.007537464531458230,162.134075434341127675,0.894982908957897338
0.598487997260759186,206.615573280908620291,0.905472949095998070
0.495593709163552332,117.855746977761981498,0.964445714454366443
0.852865430406002600,165.658642062030907027,0.892166209711088953
0.258212911209972695,99.225413927006599124,0.708057536341694327
0.839958711188288243,116.805068196787175339,0.830661789808537110
0.381643709034432455,173.478964234620264051,0.556332438920440708
0.265184945405380346,168.738757940533133706,0.910655926629795109
0.740997523098183786,144.471519059789841322,0.603804971300304194
0.229636969527620333,136.313024360421422898,0.528887817926760873
0.734221918786828409,168.383450542937936234,0.694686297387262175
0.525650899540366368,60.070421665336169781,0.989574335931884375
0.524986475422218102,184.909947766823819393,0.749089207917630895
0.655591921858179494,90.111436917052103013,0.928861806802071088
0.208764539322444542,199.925981213700197259,0.610600977804252487
0.111915390208247575,29.106118314919676493,0.700943675440624081
0.452507703845518361,142.585828876130449316,0.786097458698361895
0.291370866688365149,30.471833274597518226,0.575186199001993193
0.567188101426592706,32.759437492977660611,0.796923235176634881
0.766756159512978708,176.999311910287502769,0.764961765083907563
0.862949911608971831,194.539502011844177787,0.564481588328183848
0.619603005406744289,48.382382137893380047,0.991458608001019925
0.946633814705322596,161.778231197838039179,0.970226842842446535
0.081501503452447124,74.995086704711795278,0.815796564098585142
0.156585182229018016,94.040997859253351976,0.806463509369466203
0.816525774791252434,103.212902628917305492,0.692811993098069956
0.413906140791230559,85.563883212240000375,0.836529886808771939
0.446134637742854612,94.085245728689542943,0.953924803643610986
0.318280149031790804,88.236827648877650176,0.870151107099535026
0.035670629812665791,89.099367908330322052,0.953059427619463828
0.362116298757783561,143.734217922220210539,0.755482039014263140
0.043902826029192495,63.446470216425240096,0.850640832354250476
0.365393387766379862,40.890097534528926815,0.749353982910094807
0.204248153601449683,184.585983126290500422,0.565878520236271054
0.755909317901999001,146.759600748600462339,0.813421763956093113
0.264341884930924476,184.881007851026566868,0.737561625514430608
0.774521297890777394,171.151884554645988601,0.789489049356488115
0.370439576858155817,133.233938977602434761,0.647329532810571706
0.720720745141314234,139.122336474174431942,0.756926987832048370
0.620743518247287795,187.263445994715794995,0.885345506844951169
0.381248202024957628,186.424239217161272109,0.581691513509329905
0.564078341269400707,122.396603066819807282,0.950316193490857497
0.753478524879732214,60.711239731502217865,0.829303435241363962
0.838557842271811404,90.985584814475203075,0.902007980603569903
0.263474951301691740,141.328020979831052273,0.923624392438680220
0.576785336398386805,175.412576926777262543,0.507230449681681184
0.068008974208200526,35.979472722519652450,0.671478694073908700
0.257286220112237618,49.425679375658653214,0.595791411593873943
0.480682243682766686,119.150995589231740723,0.848272434135409981
0.181101766494512123,173.643499238628891135,0.816145665444254820
0.828542408588045953,37.195091641770467561,0.733266416910951069
0.293729455843781573,56.481206404436804291,0.687986643079962379
0.532170709761957905,43.469544812707148651,0.934007910942197928
0.373179226748575621,140.740593236541627675,0.935631214252601096
0.926086156018141593,173.023574613902184183,0.931198835719076801
0.493069180871484714,195.816723100595339702,0.637212954608140758
0.538856068083354067,39.999948989078163208,0.909655474519891816
0.885777359463822633,155.957302254536926966,0.860062534577089255
0.083529284318587263,78.352181756754276876,0.743127062582392695
0.181983955685321080,84.027880493117848459,0.585103341388142240
0.581982882516214994,183.608273036012633384,0.798024311186990021
0.815189456895139997,131.989256105438869326,0.728143599349366122
0.571026914451013723,50.356759854460378278,0.532580221656103525
0.371991477250157077,155.043069554351490069,0.676600760408372581
0.519935419822629141,119.170875852393592709,0.725142253759749056
0.240896663305962738,124.489475923247397304,0.556806294489462283
0.269636521226409853,119.714904164691191113,0.816026415011160244
0.761921353966055426,135.383619103434625686,0.935753431149676906
0.312449961953185584,134.308929766403736039,0.866516033562540922
0.610293971124216461,174.313387819649904031,0.822167091666801242
0.349457213965235991,174.917204917621120330,0.566160222228354160
0.201124660137062261,32.366452526575443471,0.673376919148622521
0.361850488917595525,99.093814320459827627,0.548507124661696710
0.476575262553095125,217.083960090123184727,0.720238023352208323
0.366301886555939815,96.393103221237737444,0.706462731461694249
0.570448101699353449,218.050314502869952094,0.506582174310472366
0.573350890479018771,65.492666098087880755,0.736793483943236849
0.377027900504819602,163.228301330677084025,0.625887792066881277
0.887716737434679048,108.046557234104085410,0.524652318354470681
0.461627080449103111,33.344097871443217684,0.787616979131861461
0.773476262431504136,92.755683109369428507,0.687163958551446186
0.143735070186067210,110.536478139327485337,0.894822960685520807
0.222221979377319023,31.780441515185561485,0.627196094909754032
0.291673215447373735,113.050394534903574595,0.507347389949345695
0.263662524313256985,27.390094932929706317,0.801240342540053718
0.917856370205608729,163.557880201048874369,0.556324408761863176
0.478666641299535400,62.428115642267115959,0.783783049288504285
0.562636360792867829,149.171130530338132303,0.781418222763364700
0.446983171376774180,131.004403882369331313,0.903177087208744567
0.059892796243173764,52.524552275868146012,0.733119642771705049
0.559411063345720105,186.925374859348693235,0.604712595158235500
0.122238103985896893,160.484557761854148339,0.873947830788386781
0.613557269587288401,189.128739280965362468,0.617507513603671176
0.497222963885656732,107.603895503616996621,0.942363059522853597
0.945942721422962318,135.670878976697650842,0.912670695456997194
0.749757004054198872,129.399607014797481952,0.713133270493460647
0.932293977017554454,157.946564387515849148,0.733008335494604202
0.957080710192391271,155.093116188770494546,0.903419247224036659
0.625234252598193319,201.503902045853408254,0.582072411860596217
0.917529758778819704,150.228533943865613765,0.925472816343338112
0.617661868190110486,42.123732842253943431,0.626711816905038299
0.705365264436867756,171.102555994011680696,0.881390465843421067
0.780442925465334558,153.080243616558789199,0.732190228782204078
0.793016422233948859,194.876778390499538318,0.511347084034053712
0.531626619897494046,132.133899599893283039,0.829079373072516113
0.652062432810706749,188.881574172718671889,0.895371266385495579
0.626282307903628044,164.167104743885801099,0.933642429711830202
0.043468030375882968,96.984612265657375474,0.924276695993953568
0.220812927691909244,84.239710328639503700,0.546420939090141888
0.410055648862965805,49.472163226417670501,0.815504550043314125
0.299977964449743284,86.007626826290973554,0.706279566068332421
0.654160306925795076,143.806352991964189414,0.687175701554956664
0.961933078477146153,146.244391068812689127,0.989867287817882691
0.244922061847673900,145.991864320852954506,0.833346036100524046
0.917984358729453720,74.764594434238205167,0.691753556421875748
0.400118609470844766,66.008241705529798082,0.618531173340574947
0.384939111019554581,57.851935348070213649,0.779997842242287298
0.320781586356415072,46.674271418846160486,0.532363262099795120
0.653134927346839311,41.204303472793625929,0.859742272045852407
0.627752894695650543,38.889294595138942157,0.990162546761502727
0.744556443378060040,146.311697450112973229,0.727027749492421660
0.898659533190878990,185.268615771600849484,0.824085376056998054
0.953052864421815138,165.923420961642307248,0.910952847209891781
0.182293743438723094,65.036529617609886600,0.547736522447213381
0.234306832264669390,48.380201974976451140,0.670953671936615814
0.389363197318521814,117.815105405841180186,0.807826086657262965
0.573380705133896829,170.353631911688808032,0.536007030890026437
0.493537889188962631,148.382545887679015095,0.902196275036908801
0.083528885158485278,44.523625333328922693,0.818273714872749913
0.262335674155827481,185.819455361182548359,0.801737787494271936
0.814062470721791165,146.337291784654382809,0.734680073028247671
0.624365138319389890,192.670326550679561706,0.557560607198714919
0.596165781220363011,186.242466538785294006,0.656094670731862895
0.728473816409193065,132.543327844392933912,0.974474011124055073
0.413893307279799005,145.940045691429418184,0.612456326517582861
0.234124386741631996,127.851328757149687476,0.839366849730219466
0.747196155800275430,108.325057470270181170,0.538328040367558103
0.841595764117077039,193.995154960791211352,0.777568729016477445
0.503938885352194665,102.243814050808509819,0.994286554863894056
0.460217931066834174,128.385851518316258080,0.924912693269550723
0.635282560425347809,188.799350657203689252,0.781974523851501457
0.089304361889953165,52.945811538580159095,0.617312015220587318
0.189406637453366916,30.462733389588638744,0.523639203768604400
0.581741752938901846,95.401329565265939436,0.584263445445457386
0.451368373357144415,167.394391851944476457,0.944278867741761174
0.880123350275707983,194.967832854535430442,0.881150155224164733
0.872537704266924896,123.355232020329182774,0.699676283060752358
0.503247763264171644,111.375713839858491383,0.929775567079669241
0.378100988800540327,176.402969078689210392,0.683744369353735282
0.616052593429885276,38.271187118856389020,0.821029361236207400
0.715514100251025020,133.948782543795800848,0.560592008499917971
0.487666248937502822,158.415874629086800951,0.781292069693814151
0.557157997552660378,52.625488763390876557,0.941109579032297749
0.369481625936707470,166.289114646213477045,0.762689289517907820
0.778774084190458571,158.757568612884654158,0.859799041670648911
0.328569595002662862,144.529835180737450173,0.823880097343625772
0.693391600831365307,169.155813987796022957,0.813860120323038672
0.611034486624454365,55.941566037206946760,0.589300548324189211
0.329041783113051378,104.560454951681279567,0.867416730435186745
0.001083384418746306,56.251076865365284618,0.723884684205511109
0.007206759531977833,157.796261308610127116,0.660089457744596597
0.523990574990173430,225.943009149559514981,0.776783544864710684
0.016174772636044131,38.458448146150182367,0.737097280534708688
0.843954462261112259,125.803351251708434688,0.940130507541033111
0.808843615831314033,206.389974302127399142,0.575022563551181531
0.844563272812148713,203.438176780905564556,0.547050617229221325
0.215451130187239076,206.399580060870704301,0.887212611206913748
0.612693459573939170,172.179122034039806977,0.806844453829362207
0.844415505088984664,135.732891415489604015,0.975736584558345443
0.105292275801104354,198.087804146469068201,0.916646214217839983
0.312304337867102433,45.786345806639296541,0.950117756177746187
0.246329076716170825,125.872174906328908150,0.659895179056706915
0.313176604712230022,75.069074754508093861,0.521834117603559022
0.340437799181161960,201.579239141068512708,0.624524552899211161
0.835672368464557724,84.880865568442672497,0.706545101424592259
0.508206571101853299,163.326548609399907264,0.968231287824680820
0.850969681764247587,132.410548894404882958,0.916854794267683681
0.434911522278377038,117.967393603796168122,0.696270836872367016
0.427628461707038776,37.571616772920279459,0.755453390438695194
0.136155913963548814,125.390545530351403158,0.816019381299967428
0.555397147989818096,148.440070781222146934,0.896019494834160657
0.396945035140364999,61.935196242548109069,0.607741335752406742
0.148321595671579487,184.369917501170419882,0.950348596888640595
0.454624892287082416,202.858281696201203204,0.708715578645472299
0.768139792992828752,173.389326318877607491,0.628429452784678766
0.019123809514918794,149.438907431398064318,0.994570161285314280
0.598027061097759272,121.967960475534781040,0.638805775166321199
0.600631711380665290,174.147145171062874169,0.537260508948408155
0.341703132726583980,183.157325201802478887,0.615673309186316575
0.345025171150594223,96.356334907769323195,0.517777834895092104
0.446636240673711216,62.404669867072797729,0.922321026432211366
0.361388314214180939,159.084779407059642153,0.850375394141191787
0.497178372699414006,139.111620566318606507,0.992039430272114831
0.189948803573546349,111.641172608384778187,0.913650879752753609
0.370139646637355213,201.928187266010610301,0.664364162233582745
0.243200243932705701,187.908463479262081819,0.756667416185860198
0.229304069174239705,179.068242279578129228,0.717069467992790810
0.247030074986192810,152.779347946244627110,0.791065436342214046
0.448683982202806364,142.166903875756077014,0.825909321869489954
0.837379349249159577,176.381178741508392704,0.919673966937257781
0.552639777185866987,133.667606464828878643,0.986070217529325554
0.737194230030544295,74.451640073836102829,0.799104773878207886
0.139343010657161426,65.437588744441882227,0.805165648226218833
0.506603302099573050,195.942048979629504402,0.798295385726807250
0.588549953107651125,189.425409606046827093,0.808088685084423330
0.864425306015241701,171.215976285351018760,0.817799859452596589
0.838595427698043960,118.349715413315564660,0.566807781977622493
0.291587692791309472,190.114909029071156965,0.525163868209449269
0.223503370646760402,192.727799973705998582,0.858168662883605049
0.147389912814987561,141.249756903867336177,0.564095911900274416
0.293871269483386988,73.319321266708669782,0.922654360792240391
0.295739020955468335,75.569929421204548703,0.665626475620754166
0.063101458762850310,59.087767437543696758,0.901938487393728394
0.361449688699600369,137.544591159304445682,0.609749563667787542
0.601529336727548158,161.993585182578897275,0.850470627596695783
0.535480546527033363,89.638163643357088972,0.819574441081808436
0.653603637500944079,169.187140669990697006,0.510167661659329030
0.369844550910896741,137.196549362806877070,0.578071416965068030
0.539440328629904320,115.873172183722715545,0.994327094806498835
0.900713566780415698,173.762904264727012560,0.725100907243066084
0.412409287255249168,147.707466522570427969,0.933378033579280730
0.823986924680349619,138.591729821142649826,0.813890482832755779
0.521011912799918542,168.353695110720650518,0.824532690056849371
0.032714317673434710,55.542184185300868648,0.834095522369678877
0.471956642136892646,101.282744064492575831,0.654681811408273084
0.143586383383819544,34.851061972931539401,0.555335627975917290
0.286209928964498428,175.797043252741019614,0.830213706859413980
0.570651360899097182,187.956695017895071942,0.778949131238417136
0.826791558661296166,136.684963308533042436,0.574047904210595927
0.564830213947995041,124.068530445643204985,0.917207623897467128
0.743790920382896625,110.540560305194389912,0.506405685404765604
0.367293932940718826,76.927438778248188100,0.593307729462109745
0.277723393991901102,117.792556770540301159,0.504868985045897722
0.759839890202579027,83.868125051732519637,0.561803859961418461
0.857179713923033382,164.654434489004330544,0.942626715862852071
0.445233854062269951,195.965586692884158992,0.607623607198936710
0.864171380994634863,167.605308343530964521,0.575609435858484675
0.939157286192743412,136.384320596272573312,0.799152383644844311
0.040673480433245958,97.124529541565010504,0.797150203327836593
0.081948440913436199,178.084708841618578390,0.837432308432243699
0.358337856864059612,187.600913339545400049,0.584466131104199982
0.652297268705771316,157.526027862093627618,0.934535176996729278
0.267009750619384756,167.302072737246106726,0.724316635266401443
0.458491096856458835,179.853996693871749812,0.544271413297358286
0.655717222931685551,122.895258232967762524,0.956137815431200133
0.537972086080766076,206.942442148487373288,0.749123909217442652
0.078870410038838920,131.151241621657334235,0.994084194348168415
0.776450707854306144,206.723931189662067709,0.504795618297828264
0.674657020366354443,204.565816696737243774,0.795541427648966404
0.498570167551925847,211.099494865260311371,0.638469017247789039
0.267551606158654864,55.822850105349822059,0.736558460435418283
0.195546482446518066,135.392038767849840042,0.958046646794994405
0.804603174573051305,195.124568869821786166,0.670755448802032417
0.194566689077610544,214.094436240428024121,0.716728455107116247
0.298205794133365232,118.239022317732207057,0.838858358385948577
0.075845589479841768,60.416502199002358964,0.925910535103066534
0.154270870667641141,52.669819543842734788,0.842201633146528406
0.630043827802155842,172.208595698060491941,0.803130534004683150
0.526237804039593970,218.835255239388260406,0.555669127448622180
0.827138568932761165,187.798305156888829970,0.826264405143098069
0.963799282279049541,149.593762493890295673,0.929685612073244405
0.605684630874657737,214.963350878136822075,0.501234643153375514
0.728480692184388934,40.159153761888255474,0.680534142137561915
0.393256641235550375,119.029554318454586337,0.828940655735123544
0.506236899484558078,116.358257566926042159,0.763025688607631203
0.795001310299120689,172.566907794894461858,0.677948058724777480
0.281523777954861332,121.467344009147069528,0.699775026930908650
0.412004324679922818,99.786919511180641962,0.752567961633529903
0.903218422143315047,159.573560079449833893,0.641678427098026471
0.690818023070944420,61.940241926904519687,0.591546926217759728
0.329653316335403179,36.622410996008355255,0.875434948871803287
0.589480462564500596,179.802419578790448895,0.828246290569457866
0.699189878938011100,169.965476304984406397,0.567846847580755321
0.455952995438266062,206.439417486475093710,0.521373152097081238
0.827751250825245477,67.262842358412882504,0.533433069823866068
0.361178100794595724,26.345125726317295545,0.747239914894117452
0.572382276586823169,69.632452473213078292,0.536219823322444222
0.813261797124994024,162.770673197388106246,0.984632190734844648
0.230178492162612325,87.920937410431605485,0.520749712855923530
0.921162716930107650,208.056432796588666179,0.710346838638899358
0.870116424831354207,105.236539006818418329,0.890339315314486512
0.650261398332572571,196.828729824932878500,0.760447939094119008
0.881745752489169754,190.037126074491339978,0.725510211703014996
0.745781392621505224,183.394191185138055289,0.875171774756484444
0.825460528879942479,194.941491378220007391,0.774396110182629993
0.077988669188593401,97.661531061004609455,0.807740626325213706
0.389113988009730516,42.691102590298058317,0.930862178121250494
0.879432594494536923,202.394581259911660709,0.562174126764854232
0.357451641628698413,31.415427733085618200,0.766263567419462222
0.166240760515024844,57.477477564437059243,0.706416480631878452
0.267414065801193646,175.166371555040512931,0.875896124135732701
0.050427035514435330,193.617466258718991412,0.874042989799086234
0.033266654308109593,36.845774454543501975,0.902602039309110205
0.464289646223013053,83.835476115870534386,0.689144453511978616
0.325481297253969071,117.928336811543601925,0.692773004112241853
0.480496983392139199,47.749547018769902706,0.886762204176540392
0.945836637808371239,103.180049335640603658,0.704845284290230301
0.481271684169861103,206.852968120099518501,0.799196561778563908
0.925550579209490021,158.052265399981138216,0.827175968109381099
0.472503314404686681,87.171401509058057400,0.963101377035615824
0.289563896948991428,45.283755943632584717,0.802385103309587677
0.289912298732495244,181.086280208751361442,0.731839739343099760
0.440847506317378401,148.088634436543173933,0.985809151807303996
0.143405955788438122,42.566727253919744101,0.683601624044945178
0.244501230484113985,114.256174108852093241,0.980767353006136267
0.151566337938444123,108.115716395683378437,0.555863251229122279
0.174315782121836571,178.909047405271365960,0.808971309766432611
0.231540231961257337,36.504271512512701747,0.891086753758034256
0.059017146286765541,30.949402405410214811,0.871242336855158506
0.238146485162693211,156.669438436305540563,0.580482990049433933
0.149911540717537484,201.295102080612423379,0.733430273666707766
0.711389729863655229,209.537162232947309803,0.508270607303743294
0.152571096256963634,198.437812938689404518,0.582716063461120037
0.199286834920636785,105.150126043327091452,0.952219003992513802
0.183465834006952655,198.596052050032000125,0.920746851159044866
0.724358757107745332,141.302966983026720982,0.585030718842748154
0.575670835978335127,100.217789613158331008,0.894651963229879166
0.786032578174017726,140.148886981923624262,0.754017718715010332
0.248923562252737929,133.245841577452750926,0.655353575188422299
0.880604660368343173,191.389808211827158857,0.590637307409039969
0.007111940679982565,215.611701018115809347,0.764582414078360806
0.379998949503192684,208.686184407181599454,0.911339475931259635
0.555292290067653793,46.194884621900392574,0.937715248046454564
0.408293854585462967,191.523371718192436219,0.770217024402988670
0.069926694448701490,51.384555964045986798,0.523956674775159947
0.035169731715414029,98.123943233828370580,0.515759354660618285
0.235012484577002606,168.697500902545527879,0.595545235212874724
0.282856114943143944,107.068957265749332919,0.864562833061536917
0.113950028796000233,98.820843691410814813,0.677891787375047294
0.428718967191020039,56.511581534769625534,0.839850084398778618
0.870941975332388596,168.593957285805089441,0.533206718053247819
0.727295010467690850,156.857782179021199909,0.545089458946190764
0.197310069641781882,166.765206181420921894,0.830073203054069175
0.944177839531523344,188.807925014655154428,0.722196877518127112
0.747514855480021057,139.638527332741034570,0.964947182551816995
0.364975952512211266,41.565870155948680065,0.723540906946328222
0.810274210098767989,217.181193072397121568,0.613014852297737112
0.623085744954989362,39.337424049987667729,0.585029886301236868
0.768841794203654616,166.807793479381359703,0.666716628740646855
0.270880517921340103,175.824957383101747155,0.791503976012282839
0.537028838624449056,142.528068835223223232,0.510346195481553688
0.702875107579925218,133.876146081446620428,0.982249056038265067
0.599955812397480859,128.925255104215608526,0.552721822367360227
0.722848423854229205,84.663006200907702237,0.730219547306588446
0.750089947969234672,134.739163529094327032,0.981680669656362359
0.134835700051298690,96.495790804303908317,0.758386056502816652
0.862452423071224272,142.700494819043512962,0.720974566576463749
0.551242707973483514,134.844331512595857703,0.970325589934481147
0.308268732287250213,86.669346766274358629,0.951818990555390210
0.158279087036223259,185.593477938556532081,0.731129006416870286
0.939593844728140004,186.790704022663874184,0.689560517222469582
0.470335192525584200,190.902489194463385047,0.531311087933537096
0.562395122822135329,198.297724100044717943,0.526823507670328817
0.530497320204439959,59.416367153545287749,0.912734636079462369
0.358260530276621025,79.132122173729058545,0.665400090014499290
0.338864542221790077,88.256853499918221928,0.930881830343831984
0.953503611876921786,96.165346680619194331,0.845794913125143100
0.209520039641586026,167.415013012877636811,0.837652680515465820
0.629223363563169213,143.359087250080904141,0.786345640174140881
0.384941168567906278,52.340533431117847840,0.903705056609544588
0.650719965231246755,116.993698245823381399,0.996783568929077157
0.655019514845142314,131.385331986377849489,0.539838935792634311
0.899931592307547157,124.777374147687282857,0.688389804002732530
0.023070155668298838,69.303953571695032565,0.693842274631814249
0.064467299378160980,176.457627533935152542,0.925883571773609360
0.146663929517807962,72.182157959157692062,0.512409376375271286
0.205822301096321270,41.949053791938901270,0.726632555903050648
0.492310373127433143,72.007649504153519615,0.680058290725822689
0.249314319094550041,157.357136426474596647,0.890509290469668091
0.520592093572943559,50.662217372824990491,0.655138951003795045
0.570974599454487364,86.236863634890241315,0.905936242397745728
0.141519057739017101,82.391082949905481314,0.652208410456519783
0.805095417855252182,136.486991092491535937,0.878483843597504865
0.731313764304866054,148.858351859302501907,0.742695116509207609
0.586847355770365398,76.121447693617284358,0.620231528968019585
0.548233087058014879,139.241319871883263204,0.977208521172020950
0.001666606016783283,81.222449601011106779,0.945018578891326233
0.560082260147572009,62.783778683494787742,0.940879645336680337
0.912859361549798298,167.556081748602991865,0.871772699048635191
0.800985110392669397,209.003805438202476807,0.650434504984405026
0.408670193325297026,76.756988819263511914,0.683850891568958064
0.732626097448276892,111.031074607615209970,0.546113892118648026
0.894114451516863196,187.721985488209014648,0.665108907281736994
0.117885630463824137,139.084364349263296390,0.693333919210097127
0.772681063631683096,180.253451879141550762,0.767344235161266375
0.297066599941019693,183.938855521424329709,0.672297866601193284
0.699907381766009418,150.983823485312854018,0.935349851144788746
0.859480763403508985,158.519495599700235289,0.815402486108458446
0.737688612855682990,101.738581445812968695,0.685188070142433436
0.087205852934876982,56.065444964353183366,0.648631029860543107
0.055913026346354588,194.571508706084870255,0.795747706177021841
0.382564072113652620,124.588889391104970628,0.908280498728336161
0.782753415456601043,145.509577900938779749,0.645960607993155023
0.804750348914877400,208.162402484203482800,0.509820429013056575
0.284685953519933033,135.386995962276472483,0.886776059981625009
0.732630353223468256,177.892335011247297416,0.566281320218790296
0.423129768269217332,102.126409206539861430,0.866470305791746997
0.830784114616260561,167.526967932791535532,0.669174435423258052
0.230761169676451189,63.386307210089462671,0.697152729908806501
0.596737535525571294,80.134242189624117714,0.597213894170131709
0.107010757241428292,52.667787348168943140,0.860449707224860694
0.426747575298597748,158.863292239458274935,0.971021443812088436
0.445154031275152462,173.061612592072094685,0.508837083948253666
0.442426036279148560,178.224534407002437320,0.815293940627663138
0.190092324016262249,209.206268614440261899,0.804937251174402402
0.596773047439240201,99.686716557813170425,0.918404889737506003
0.823212545202529400,153.414406674588747137,0.962202922856387977
0.102174131204655474,29.784293621991601242,0.597446352920604773
0.859459586994179903,207.805643992301952494,0.565878471160394803
0.749603073310427193,168.403482110886386636,0.688481834680088722
0.306311513387063306,136.118777517390441290,0.672189052892231409
0.409600474424106742,180.947133367842411644,0.761928886070385225
0.484250998707509650,209.036035660757050891,0.683100938964733784
0.871106431009955884,110.914656652219974831,0.811462360810531358
0.689374157895769835,219.895488249458395558,0.564046342165058112
0.110552016237192727,88.926223016597134574,0.725288709773809770
0.117833474266086702,154.085332296209770675,0.738213184615345130
0.501794169905598553,125.075510483747208923,0.727264756503885890
0.634701529333282499,41.711161614777331863,0.830282759280286831
0.855984800711381610,162.585048502629746281,0.704148707070315516
0.470062309354705277,35.544971703716448985,0.897442182465212457
0.439214972723895536,78.142116035969593213,0.945511626462486321
0.218371635759827820,43.898680101486135641,0.551719507080955296
0.172838699242291921,149.959611368940386456,0.546900355218769230
0.799108743906551844,175.782896009085760625,0.867470921821520746
0.560080480251665347,84.795965159930617006,0.949020359990945694
0.756624155279795652,215.044204629710122845,0.578917011295418282
0.121073532039170179,137.022421095406429004,0.788075963858113182
0.256085458771541818,58.100492733885772623,0.974796274191902512
0.876019226198756162,216.924476148448803769,0.512394594530412029
0.635818450436758664,39.686224560188627208,0.928049311541187194
0.628316511637319608,165.993174851976590389,0.660518619041046584
0.423393593700730653,60.862275433600892427,0.832783426876550159
0.838176471799658485,160.494292700425887688,0.823802823484201863
0.708873369408047571,135.298612933538976222,0.989312825837580290
0.555578458197248937,46.840928035419246100,0.517137217470980626
0.843387964853313798,189.834493955604045823,0.722906425429681532
0.724500843313659604,190.909196549238771468,0.881756970104919713
0.315628744615289614,200.984943392506835380,0.735282119287539837
0.055822769493236869,70.638501014123363575,0.780340671332703240
0.536720224960773762,183.086075639684707994,0.572541548093617791
0.024550531001394017,191.320421099935430220,0.969046066182319366
0.558066600424640291,144.596678259344855633,0.863865186576601496
0.450243642041980086,149.761206976371681776,0.516234768012476364
0.234259594272230753,75.078330374021206239,0.804749154655204357
0.566875376296142264,52.579370133266877474,0.778357816095439303
0.332511312156660188,64.336978080301520322,0.634014264372123937
0.833238115122872491,170.199643923206394902,0.603535428426124732
0.841995064496573020,191.045922001865164930,0.842659483618914074
0.304395409010497220,73.958650133102750601,0.904569915113970335
0.644790449096701135,51.546482861659043806,0.519439098528851284
0.821415334815978171,185.875323601402101303,0.804077564895872232
0.131088175951272756,54.837093598481466472,0.649565158534096243
0.666639259604482226,80.075156137140822921,0.810737282306312701
0.524771135075172035,91.031699098098030731,0.540311433416403308
0.030789336155088172,88.524655868788286739,0.912591162547565338
0.339044488530896859,92.402868397130447420,0.868825174461339333
0.268289921741280024,143.979027798339302535,0.877297770225886397
0.353399684781461776,171.176066043669180772,0.892420185009866862
0.504601465885654132,198.587942042665360987,0.617122225147951786
0.571085587317215926,72.327195127267444263,0.736013497747396217
0.580805620886504226,150.492434001375784192,0.965476065532427929
0.503807654700827445,171.961214810630139027,0.626864551005574033
0.612103225435820186,153.493545141188320713,0.598499512740805040
0.624999730361056494,161.254565881497342161,0.625504666390558350
0.425957169290028470,65.015038441120807988,0.895916159018655178
0.350704206163349963,168.542405117632398515,0.975751411188442663
0.737816165296561910,184.999530080794301057,0.850181734000681311
0.797633030681900945,164.605298064529193880,0.640820274782557542
0.133647034273989829,137.314874322452254773,0.813337402272147680
0.301723111287279022,172.313024702025273882,0.790384200804816528
0.596599111730202969,173.225452941598547341,0.591747226982555330
0.221184340134652990,97.299215058323369476,0.527007463243484131
0.898873140466775911,27.533538721100562441,0.588688660511497819
0.421436438840790462,127.866491196100767525,0.556367841422763298
0.593407359478497320,39.683089491936755167,0.830006654266608135
0.560356385792665224,172.335902013382337827,0.549383192082944283
0.077294056684749035,177.257135533632833813,0.835295028358648883
0.477198820817556546,58.287149641277565593,0.896587056583459052
0.307731630135983814,161.940362620497637636,0.839776403693179629
0.559413406074023234,52.900000685627603048,0.976686179455735437
0.032167653750035032,37.434122975666859645,0.882369747290067341
0.462875386991227766,34.527682245184095677,0.631973382347314816
0.150285368589816420,60.936486065328331563,0.953928571874812503
0.674649092280382501,199.791833091713215254,0.619209242775668467
0.310434532104047645,159.232926705658599076,0.952009622918470688
0.282413897375579759,57.191923293854777910,0.580182353444831267
0.521250268461383226,152.537004865263781994,0.554090872403033785
0.354203265978080106,85.337558932386372135,0.986113449206658332
0.086352078316876510,86.574299916066451033,0.666450979601412419
0.091447190729067707,157.071322302331935816,0.652379400100200235
0.472462160060299619,172.183134811316875812,0.510992247486594109
0.085878253879584587,134.270378255332218487,0.790936311648282153
0.139138368742979024,157.975931972855960339,0.651833472908733502
0.320993360466272526,62.037039822854630700,0.816571926143361937
0.605365161177947364,196.469973386280514660,0.759820707401328010
0.900084606065962300,101.589896325617402795,0.564251026772817132
0.748516820740782296,201.260225113865544699,0.643172937328143624
0.028238705116488017,141.746859312550611776,0.835606287325003083
0.260818903812757463,159.488560879880253651,0.529178578992972826
0.802735697178283303,155.520349328540049783,0.778602650290874498
0.607272821808469421,152.251516939428285013,0.956042613892634119
0.696340446319888451,189.036731560070307978,0.851566428897576944
0.822626048135351007,142.081932661034585408,0.511182181017912241
0.756574463012207099,144.750813938434049533,0.932939610808908748
0.811606383302771905,136.795813299598137291,0.887094159385846681
0.465513520137085746,110.097614400364008702,0.723208786681333593
0.200817332268399040,64.566765356529501219,0.892988690041601973
0.264219210651198688,144.893707748995296924,0.837450663495979852
0.152543036251456876,47.794323258924947595,0.896362058788046423
0.567318845533552163,86.955891423760974135,0.921454695871467333
0.459797308561563201,114.328820947106237327,0.786599061618945106
0.348710517831922195,101.578548886808277985,0.854292001503384912
0.488335756630186080,173.660225429730360247,0.688546586657550863
0.818612655238649678,31.495624480553182423,0.708773624329301244
0.472751195987946460,177.251900001971421261,0.907813840974598718
0.352340868112500150,91.887086087593360162,0.607009969015567918
0.300742813921192786,150.103282215566878222,0.607435446611011232
0.743557486446124183,46.167246128058017973,0.674837771349923288
0.680897776116974773,189.692050796793807876,0.981434485633978282
0.505219103142657944,163.014978774239693848,0.798621526891255318
0.277894088787779769,148.370124274345130289,0.561365639571444475
0.019289168107185145,59.321929123904901360,0.889968950947974013
0.379802132077890375,145.961664526289467858,0.926214118894090888
0.347174371991283537,37.657855117496687569,0.933595876925680912
0.266800046272040625,115.634693888908799408,0.761925094085640131
0.320980646258658631,185.689562373660550065,0.869693541473273601
0.817779555345970244,130.134998623707190291,0.566241471616035108
0.349616492597283668,177.132891106587663899,0.772758827002538173
0.499484447597026260,155.444059422960123129,0.883757222490707539
0.954307911184167135,74.356556621811492391,0.591211771742555459
0.287024617663602766,195.504688149744254133,0.515127952013574752
0.787180568344707843,178.445327533720472957,0.657929967644617641
0.704577324742864275,56.884913165674575453,0.519171574762608889
0.341392357479963604,110.063666214892990070,0.888718709043335053
0.187703566922757942,118.701324663915045221,0.689576106351435847
0.359059976563513406,166.296725241500467973,0.713640080342343941
0.043599727966813218,190.903544343872937361,0.604644265584632912
0.490412932734388907,30.078157446240417983,0.813730665465036140
0.236685161708102859,62.894346148540080321,0.527396539643275819
0.262169133138180577,125.120680619343076501,0.809585595489170418
0.892493832426920153,143.162697204597151313,0.771947997940697572
0.547451062458608639,56.253318616704994781,0.918889353587978075
0.682749262354048758,202.527282737485080588,0.613966228250328649
0.719103818322513466,87.279283019262990706,0.809348352074944266
0.501976570532140176,109.482395233318158034,0.821510595121803133
0.541352103641823623,99.327300197647375057,0.915958097475149668
0.860579618227358067,184.922010657091988151,0.809234268436430981
0.538360591671364408,218.854670293784607793,0.505759279743756007
0.397902419999627610,148.903204400206362834,0.895667941695408976
0.971259516380769017,99.269413646856520472,0.895597671430944597
0.392917040673033013,124.275756884848348705,0.594032722879321518
0.846249602303886128,162.713844233032034481,0.569979762770500331
0.539994313159880890,53.148731955814319861,0.716224101875010732
0.978054452727375345,65.523366160947162484,0.542953892544094319
0.172645866646626456,63.054257972982561853,0.558397446134405451
0.333661927697299132,183.637175349788634549,0.501598206184870610
0.518975758490844652,217.410627431224611428,0.554539977120951932
0.748560087148415931,215.193063484710904731,0.693270514306588037
0.383038060397994817,215.014302910489476517,0.528857986609375441
0.608211671811349497,136.592753911341361572,0.529663940974297698
0.264881128999677140,177.341468238069836616,0.689040329526178108
0.979248032489709819,99.062812716469167640,0.865815079801280141
0.670623078190329069,151.598409283120076907,0.846063193178300921
0.694870733628173975,175.286539913504498145,0.824617950369638808
0.844331812472196130,137.167521881150236140,0.516706526939598842
0.438617222616186353,160.457327930101229185,0.797977344149854440
0.924988344921519268,161.226467526477648562,0.880140467899084955
0.153366196946537831,73.341078762578263195,0.850000824804832189
0.500229702995540815,129.935047194216053867,0.896787300823958189
0.079887199874854126,179.834318788834394809,0.907090914654839597
0.051233887741373926,199.331128052104617154,0.757396834863513391
0.894616880734947606,182.487591927348830723,0.895187002165655832
0.542295398234594384,100.798785004593952408,0.564775561194387654
0.564238710065189775,73.279762301702163541,0.692464245168762593
0.531367280770784212,72.327342810631549241,0.858290387642003161
0.608588253564242065,162.376316540139669087,0.727260980658556488
0.430191864312868266,47.025499912360437804,0.607767971735364898
0.894638754276132042,60.062779389342324521,0.672426145388760110
0.619804804656972186,119.187966971825915152,0.932391774290071251
0.468421145124513105,74.631388347109719916,0.950472012051135406
0.443925066482021236,177.800717125413996200,0.563680587112039944
0.400051393205182904,136.150331901786529443,0.750394852453365013
0.466450495137664234,148.191943217730511151,0.549672512336916608
0.585562467111139351,116.149219584111691006,0.712776132620924985
0.172406824558874044,191.322441728055736121,0.887441627040332248
0.296917361615843034,98.282498307459619014,0.563364292054607363
0.860105169321404905,211.574297415443055570,0.512990063267730223
0.893190588200159619,113.484387254493071850,0.715842264403748874
0.154599319949963204,152.551904741818617595,0.731177127461920984
0.633253103069098988,188.693751832044966932,0.783802955559632419
0.402733860770223717,150.642780337799820245,0.613975872943711920
0.709974338914814429,102.011800296348795314,0.647202979007370782
0.166988852306523688,59.298735546521236017,0.609744933537044842
0.673268037534973884,133.460857602641453923,0.933394257804988192
0.340705378764419309,119.060347324602005870,0.904523887082181566
0.093519351648351845,43.355476629060341054,0.709511608583852316
0.489524616406353974,50.586904078817568120,0.787929396152884043
0.799759918669297520,128.832225457183454864,0.985349878904551835
0.739455322313796404,179.346353436015021998,0.626070848218977627
0.294396904997311359,155.248903158815494407,0.933605436702948710
0.453237294605032370,196.953295859457057304,0.735482577031101981
0.857570410958657936,82.752325058941224256,0.682106470208119320
0.119511479369511217,202.819677992451573800,0.606776380494959189
0.760302732553379879,150.258026970135944111,0.552939119638367504
0.123135723246831044,185.816099483347699106,0.730949171488155747
0.668197251795294989,177.146691741248417884,0.651036862193253740
0.613853274752545808,112.608304825357166123,0.789901048401017603
0.223885482887562326,109.858417729856867595,0.606213789091605948
0.231307676371595244,158.758138694331250917,0.737362644184769489
0.635913764759903133,203.775843929363531970,0.869435492942962407
0.212191939698176707,130.746440356884534140,0.764193548123169641
0.601369571604890685,172.813687721497132088,0.550522478419379069
0.044660870175820419,103.412215368733953369,0.586115451986008007
0.498891737203451702,115.739949919124171629,0.850515042246064557
0.617441377169432259,173.965332873249877821,0.558028851365521605
0.811750446517478075,34.735726111373132596,0.569355615190886288
0.867695414729587111,183.626010798946964542,0.743477756066925011
0.309265032014131191,158.758932340537938899,0.820193159933862992
0.498005325785931929,108.037169976450030617,0.604695656166772122
0.182016688644920654,126.717363580291873859,0.820555339630831826
0.951628468995295740,185.988668822020088101,0.872843003195502565
0.660856582539787407,107.491441855436917763,0.528797258094204303
0.789545043122167445,136.636407201060308125,0.865980731418653171
0.585224938010532880,50.382273335600388009,0.548378917900024354
0.333971698849673593,66.105476186103899749,0.687037052536432769
0.915597660759776777,151.929928629970731890,0.756454988466968459
0.895491651384955567,128.147985192631097107,0.974997604544208918
0.632016393189121506,137.768813823912353200,0.684074491395285977
0.453026816009217348,211.694169063301302458,0.517643968161280554
0.334859770774447785,130.200560833256247406,0.650127006843429611
0.504321480977590886,168.618359117382368595,0.683487987014697040
0.371055657550249940,177.406922224919924247,0.586076071542966925
0.323564131774537467,199.346861698613167846,0.740425638811367359
0.390223037681632245,42.163726386985011629,0.607494930420870993
0.927594409104227857,164.685617468807492969,0.604792238956108230
0.849245786300398042,209.098383602050574837,0.795808420860642296
0.953246192889547039,135.530517586096351579,0.954424655273380940
0.276376846095661322,198.349139038727372508,0.737397397905609653
0.557933457334459093,31.281400672046810740,0.919913071493083656
0.872101584347298564,199.705373377859757511,0.606797708546698122
0.560409935359486244,38.397472615402797658,0.819782329043382108
0.405137919138501224,104.794705109781375540,0.637733904018430886
0.506594803288642814,38.751856991306908640,0.981193455548036275
0.919012854959895931,128.915115859463412562,0.901976467319063668
0.372417537098844176,141.851491783324945573,0.913749339470843358
0.228563159694115614,197.940310900950294126,0.870481029245238958
0.126937180403255773,104.576965660359675780,0.525168451202803865
0.212858786173873799,188.393412254099501979,0.681734173673142374
0.816842385061853138,69.358803119851643260,0.668051258765279155
0.730578579746908985,131.610642709890441893,0.535304763909911330
0.474762677146677581,88.375181327074002979,0.862635365675047838
0.332839990757921977,139.149519303570201600,0.768451705048533107
0.302643040827304532,136.473633865076749316,0.726728293287147498
0.537809158903123197,126.177526760171573983,0.940440406558606723
0.060245400584912456,79.148242617425836443,0.510273061161504282
0.878958581767208535,167.188620067812024672,0.964705490420730172
0.924552526354977644,162.585277453563264771,0.961542880834025837
0.195634707631912486,31.117362126381451048,0.598523877842528251
0.815596141834124322,158.022093657673394773,0.943124342189409548
0.548406361317915980,87.957574069307966624,0.990054610532957069
0.172929415192641406,193.859908644699117986,0.712342067700837522
0.468904948752209172,63.383660705873701602,0.967916267948647047
0.934661767750484707,175.881845366261075014,0.588303877684615006
0.919758357537046378,157.716672863071295296,0.966737601536906244
0.264027879560878753,158.214372232724088008,0.623402077158080048
0.388811089505928409,150.674107799022493737,0.925374534561595796
0.516286584524561776,52.320039956173644669,0.820035200876899739
0.483641155110057563,79.448644152175390332,0.950342831476685079
0.400494338826065055,26.506650638903046513,0.790079255105089251
0.350486707027807487,96.045254154269002811,0.849841409272748427
0.611025656756779667,108.861089871424439934,0.515698236373278718
0.494656295153247494,143.908842741999080772,0.949886687056130219
0.737048608946661576,172.828770283945942765,0.803232859266688637
0.246329076716170825,125.872174906328908150,0.659895179056706915
0.464108569915260227,38.758176713624962417,0.680590644610797879
0.243863088978297504,174.250890978609874082,0.720352468084542785
0.585571390690618476,79.370602257152867764,0.995235708578264600
0.705396486117232158,119.880405269293447645,0.862650366687422565
0.243526370433553879,31.212551232744974783,0.573852636418559880
0.068955078411801304,31.963680521719002314,0.800841664796250186
0.573500808678361174,210.929926810115915714,0.559415733389264203
0.363680243913341417,158.948363893683506376,0.805764702126740229
0.888662271964562933,160.744529968460653890,0.919620176289174585
0.897346573552137650,221.477308985197424818,0.573316720626134368
0.438889109520713694,169.054548203436979747,0.726783487611142864
0.682865816208524490,30.706005252261714844,0.837331242226108996
0.332014660826367602,210.689091727649667973,0.546922658664356853
0.776321672427980225,219.778841267673357152,0.589592987175862948
0.329327478858981837,182.818184003622292266,0.738891422579416979
0.282627619485472770,107.367425371158489611,0.826500266751240442
0.921783458325511007,201.885759085101824439,0.814875230549821472
0.611598878705349458,172.026620988889561659,0.698964157240086648
0.894737769973730557,178.697569700104224921,0.936979303768280980
0.629856297991342351,115.698123577181618771,0.900365729312948337
0.783466753945080030,72.436364402875398127,0.756322877052948650
0.351011714373225592,62.620721199398964529,0.598573640208627245
0.580428726975851461,152.317477733814257590,0.970069650848863096
0.815687550848356535,60.854965176675904104,0.854465931392877298
0.352449352385141079,48.673933838490839321,0.837667912807803949
0.799731734966549923,96.751145893045077173,0.902596336507421992
0.697844778480572914,156.035967164342395108,0.693415685491668543
0.876065515097201875,114.983773318738300873,0.839193000629470331
0.310549603913346406,147.033703718023929241,0.774706728150899027
0.681908710360106030,184.313210481715117339,0.797810991252664081
0.944857205096001684,163.351309442041696229,0.960496845651348519
0.433435558017973566,162.355281473677820259,0.551226576070384722
0.551119455304950656,158.692481010185218793,0.957536759898527157
0.411510982016008831,139.752985399288547796,0.749384260440531857
0.034016368733825512,93.218676134014614831,0.727504078612894567
0.328762278658052909,179.624592992207965381,0.849104495038130347
0.845864736522546568,119.266760035374645099,0.902185449202263845
0.614398580305677511,182.419743249519427764,0.858987834657321869
0.280400160706209767,175.382937705516809501,0.806278278611414656
0.423700432871893129,29.656022687438156282,0.680106423392252912
0.222043137582190075,135.855413454808740426,0.651838734291140587
0.230800894940608958,196.764754973200865606,0.679089870068682822
0.890249881671733023,185.932485048051802323,0.696855556305690849
0.846274363389717399,134.799288453485587524,0.513103146896087714
0.131495946358319349,199.950342421156506134,0.825587222414279065
0.338616082113223804,139.769827477406749949,0.805017701832915211
0.842829061283927872,159.496539650810035482,0.856575683398611010
0.118478435503354476,84.063244126673652090,0.926915563251865526
0.481034881975096917,207.341758721303506263,0.529788068584865268
0.694636237312270755,121.457970874739643818,0.890127414051515853
0.922372505075652493,177.066385006739437813,0.642568435335613031
0.825384436757169548,93.233793063684089475,0.734783289094819603
0.526608118349611742,67.538545367129913188,0.972261885946311022
0.770356465302882154,154.320228237774074387,0.963286449191124050
0.401952018697132096,43.921490582020858540,0.891896343284473314
0.773388203077708947,175.672919301803489134,0.721533645053595074
0.527400346983235124,131.632569418096778691,0.632877482266198998
0.682932164489660654,103.985226159222904130,0.795113744101274444
0.016293410093652382,194.439536414518556739,0.506029312992355318
0.663811875533582896,39.465766207705520685,0.849503673054066044
0.125883186781041045,88.093325145482140215,0.539969334832956172
0.939348113294340648,185.731313360280125835,0.753011320446790200
0.721324810141541484,138.410529195909219879,0.655130516317348310
0.204080757834751714,191.506421731947114040,0.801816371445168263
0.324377299106754835,154.094830956319299275,0.512716485843100367
0.675421948960466367,162.728921826447219701,0.854066107685246045
0.600177352999711089,124.195431965147761844,0.886793972116315388
0.644073041695696458,174.743385519257572014,0.512499777709760185
0.276086474661227932,99.032343771620872985,0.914500939708640881
0.149261171570211015,161.042530150468365946,0.853248826575163322
0.554455719043641326,63.880960450150190866,0.718326121211281254
0.711866585001910690,124.473830940801875045,0.673987153167372899
0.582696526502509249,78.337613397949724003,0.896717095503681283
0.246552234954462351,66.009552344558414916,0.701149961834255597
0.315075822144921358,206.431946475104581395,0.510195161767231342
0.214296288973415378,121.908449300100244272,0.816392336892509007
0.449478055350477801,69.100809118432479750,0.951558444578573859
0.741374198166655729,189.525586292721811787,0.535776834318907658
0.905170296880141501,129.383329018607668104,0.996237260672326319
0.548379807976250966,202.718369297729026357,0.635830164980742074
0.952061752781979465,149.342681226488963375,0.910171394149836166
0.014574798701430663,45.923995605580095969,0.950297646871815394
0.338629268144511442,39.991489484109393970,0.866581705856899753
0.772058712673604375,193.577867847000362644,0.710346838638899358
0.386932424531855779,78.783155458847517139,0.967091211897276204
0.742549743721619193,178.259711905658889464,0.732967289222295038
0.719479080327310450,56.828799402708696675,0.744526380610831429
0.930739897090407498,114.114449671779979667,0.635233804658384527
0.584963721196467556,134.160582851376148028,0.815076814166921348
0.193649917665903254,173.067644365578701127,0.522538895692761685
0.781506027833715922,177.723680193924735704,0.976203950014736810
0.289639212085584186,201.438173609736082881,0.756174255865637357
0.833003280417291880,195.916334569493926665,0.529616668024219250
0.620677586850155838,47.845393519822103201,0.944736028036813225
0.083914147029500299,74.878776523154755296,0.655470271903145330
0.317324833747237633,163.429682142193257732,0.569385026438296027
0.389916209149174631,103.817054457166477732,0.882551153289377499
0.776903138171210372,148.810835751758162360,0.565427784046368620
0.367140359422917062,131.367869985252411880,0.603907657582853696
0.537801220249345402,168.905855227433420396,0.882903948996656807
0.323445097402799475,144.980454952328585705,0.981396756685496641
0.389545634521405504,49.199359712989839011,0.696793171075886786
0.126924732787919353,215.523759543029910901,0.756901575874277421
0.451925679367176425,134.746271793373125547,0.978692732942469834
0.607676671030998650,192.769952617308973686,0.628131403332204075
0.382172022533466271,135.781492124482326744,0.574087666806537777
0.202084555316909165,193.481352546596809816,0.861349345096017904
0.130691253983615058,186.692695871093746973,0.651757115067713833
0.303083362360201947,147.948027346678031790,0.832757052927972641
0.497064328638155861,141.914698028665014817,0.896861254966732524
0.877357367401955135,191.699480031542890401,0.519558061507748636
0.592620410377769913,94.859986753386920100,0.726124217087929180
0.502079522848981163,183.133849496224911491,0.563356055373089637
0.567550764579538125,173.111201227944206948,0.779135659449704088
0.489958247367726696,118.150891784210188007,0.643295569827756930
0.847644544791246624,169.121170812845576847,0.552370227642269618
0.597139021079530874,74.930008000422390069,0.513051108959427293
0.202549588470911895,173.623498394395767264,0.651547608075489282
0.547149741851079674,37.733524515465880711,0.976990270267985572
0.534834286557406169,124.759681369692401631,0.868936847584841354
0.846153933374419798,114.281413197646259050,0.590343797870675147
0.450078578737811930,202.124472245347305943,0.564384331530228156
0.048148025550859216,182.118060529678615467,0.765718815815543241
0.608688779474233277,199.649150700081094101,0.777274826318900658
0.470630015035039928,41.151895171530291861,0.538431170646945234
0.860413564643746742,38.991771494071016946,0.553967182095629895
0.231318106572475118,28.232267982504179571,0.547702857165693335
0.167400270883177299,130.855337324305565971,0.817976157557653627
0.836789458834965694,47.539955842018045473,0.695474940556646049
0.841276717801484275,133.727563943803829716,0.644361357064372253
0.482320308791195418,128.740901352121966283,0.884827383352438046
0.304719178287022718,138.212011272707627541,0.824031064044273731
0.493605337221231066,89.128795226599578427,0.913275403550186660
0.081360249683682911,29.640408058913116918,0.885752862267641605
0.073089612625700656,79.882437265147714811,0.672462808240417931
0.140665825347667278,148.798171367646830276,0.664440991882160659
0.521470113671908653,166.125062255165516945,0.818993601280304739
0.002742082621711491,68.297746130779344753,0.598192979914409562
0.181596973924494948,194.017584515598372263,0.850406715228964050
0.862827661545245039,226.145265393056007497,0.573563446659131504
0.398063786907713657,183.336577309543883985,0.515422548888809229
0.799480037602342430,165.176376281005815372,0.806436251190809639
0.660106983546765225,149.284425518878634875,0.967299896333322362
0.332309950736041526,96.537529954600842075,0.514613455268654651
0.671776064335669609,46.169352574372858555,0.672992649460740999
0.783709821802562989,164.250373271600295766,0.762660687536506066
0.884608089036318379,159.794152943190226779,0.971938265818528491
0.785267169159704403,196.353911201992019642,0.849674320329679045
0.914712818208468503,129.400729946341897403,0.805242035375879350
0.127339386883241479,134.610300283314870740,0.664451076245344607
0.361138024397235524,173.328423889779941192,0.565794743837258252
0.622997648895866063,175.147459332022947365,0.678576826475346784
0.540511979525623909,153.793789969372198811,0.815275034111905939
0.579000663854423392,51.251035153107856956,0.677066092275644626
0.361692147068750636,125.222795735807878259,0.787596728814126568
0.001207028412282873,49.004523460349680875,0.677044861910678364
0.856823922472597088,202.312258562490001168,0.828262603469378522
0.575856944941443460,102.644104365985739946,0.622669218145636472
0.822400383640316646,85.690159741149216188,0.556496874455416179
0.642764730916233873,165.094939893133073383,0.884915098988263260
0.368651741922479514,197.958792075034693880,0.659251234193865998
0.900748864147771000,149.781675478185377415,0.844929567439279272
0.916622689921164246,85.144889376807341819,0.707116836013352734
0.716560008943893711,156.950399269685817671,0.562514363637765857
0.316789617703074122,146.633289502379227542,0.868847951873551683
0.750782653843698244,139.988545309193739286,0.639810124531562385
0.342961005666511776,55.950472418087848325,0.600106721278182098
0.215620401912667292,72.472967662918733822,0.870674548028926742
0.253019737366610376,179.646531047806689685,0.699009291986269599
0.022659660100796092,68.907405044918476733,0.943841589820957338
0.300141615593556177,172.746735579007122396,0.838958038888967916
0.936159781866519602,110.537952994062692369,0.856721789151998925
0.907134800655800655,140.097919100088290634,0.851407545240599140
0.814442425618478349,193.425213773380278326,0.785613887558886947
0.849215924240832143,203.720885059609202017,0.826490175360785284
0.171414731414589766,125.797520768806322167,0.617997932825212648
0.047708430379508400,112.844240152385310694,0.973369646145695322
0.253981059524257924,75.831773795871498578,0.520455929630462832
0.724194277747492343,118.621572986859320054,0.691671952097827170
0.308991807040213062,109.913029366796891395,0.958942121815202775
0.320049515740592594,27.298739160496889866,0.787596027807351051
0.667335049140283521,53.819470798001553646,0.726688982182762455
0.746598200570537274,145.546680726226099978,0.956996013628126030
0.497097975610589049,133.223095051742063788,0.989398891000609959
0.710304738122777279,200.488579313433262996,0.818827348058202009
0.153398189939424889,197.651199451483108760,0.787558624615722569
0.076609404644812279,202.602103743639332833,0.879276344598201698
0.160404992476045311,189.486798064022025301,0.651525883732520628
0.259613932825267846,145.657389611467749546,0.970634385822420009
0.363880347218186628,167.912788106764764962,0.568708121305137260
0.214967907486412840,142.277105585705868407,0.682271268315206014
0.929461366439968906,156.867236371385104121,0.948798519584105327
0.638649299763450196,163.408263248858190764,0.912938374898695892
0.596346746108530112,175.399714124572710716,0.623722240343646317
0.828238231663601776,192.606943858497601241,0.670064605141381442
0.939318659352830321,158.659938837896646646,0.667058514224712962
0.783172302922799823,111.429667501688399511,0.905406807351840426
0.297119660289287602,174.725361672601735563,0.829219067455114422
0.441205443499316008,114.517096533199861597,0.932749443424685798
0.035062917126275919,121.592903379679597720,0.601275924331229783
0.723003478560746649,175.374571706801503979,0.875980538594230751
0.606604624384517233,204.415882018225261163,0.524458613481369129
0.772912920325797392,155.014975728911451824,0.603402909389751607
0.368810434482022831,167.656981141309245231,0.967863913645029550
0.165023585271884321,199.883227819945915371,0.895750611207086211
0.537114832697215383,194.360031993683833207,0.611133074688514744
0.275221434132891185,172.517578323286386421,0.575453370275181619
0.205407497622607016,100.646218600328097637,0.540055619797062736
0.361899404632103239,181.596387017927952456,0.720041055813656516
0.641836900987851178,73.429052243285283907,0.826452608183261273
0.019339925280229049,113.232769767621149981,0.697350620842425717
0.592861322630094278,141.776119673338257599,0.791418998325790435
0.846932765746790217,196.265975048082168541,0.581052304635710004
0.129029557623260460,147.591525883170533007,0.876281497723574887
0.951834927091641303,167.568192368015843385,0.898705108268912367
0.737512844898869036,109.318594400956840218,0.958046506649523955
0.791720106550850233,211.982551625950975449,0.671479781600736070
0.889307489174785415,188.959057113977308973,0.665138310396007792
0.348054676922256223,115.896891593986509861,0.523322127919891411
0.160669294110332900,90.216112333324289807,0.650893254642609609
0.264032016878682940,141.623481291442345764,0.813133716659094841
0.324639254554781431,191.061116025180012912,0.799707560345984891
0.793380519264100248,156.573346338467672467,0.880118339823074081
0.317967735911976579,148.650019250152524819,0.824554431352078954
0.810869437802715032,164.796541989174784248,0.880458103533465541
0.485398999960000299,176.888119571383214179,0.706685033048134015
0.127563092676085038,175.419956636607764722,0.783672954801202248
0.673268037534973884,133.460857602641453923,0.933394257804988192
0.137562041086716630,137.920162422286324500,0.604037755478402327
0.573032422404164077,149.977242606616158582,0.659311754896426683
0.798152201353854229,220.845527346900041721,0.580696605987162329
0.321369413719065911,63.044744582171929892,0.558941671541253626
0.039121185134969615,70.510963243188285787,0.926229430219874583
0.514048320596058095,188.112417146466384565,0.905541586147807998
0.412390570976700510,123.303697198244165634,0.513116011192974897
0.842741147081597197,214.534084040720415487,0.537126326070057947
0.947035459590892637,154.779512696302930408,0.953160563046558940
0.339593839755701010,173.661435940285770130,0.820382726792932337
0.335935101223380161,157.306879787349629396,0.961860309987302875
0.332932360672604233,189.985698673759401345,0.793545625178626590
0.571274590822657746,89.049131776644713909,0.682261889672394317
0.031023437713379627,63.783140172098846676,0.969103231947754939
0.427780953721054291,83.991839815702363126,0.945971253724768757
0.805885639398409404,153.347355420311629359,0.985982499550967062
0.903445875203685023,119.979160193630818299,0.971861485803261482
0.455952510397275412,138.734651021817455785,0.970731995399552128
0.648783443351885314,205.331540277043956166,0.521878357693043804
0.425205346144283569,105.803711389304709201,0.987608752664876910
0.510497585136958976,89.889465262953549995,0.796378497034672783
0.163483948715921562,49.407610834569652525,0.767794717057776799
0.126154848244548340,152.825529878383491678,0.551954908849369486
0.414252557942013377,158.614366996302948110,0.725796944626630802
0.420544667234600544,174.442600164841053356,0.932334943696461416
0.366748268633770635,56.293380224004408774,0.860814722577898150
0.906425291368119557,144.320241464368592688,0.956848623887353034
0.324987174153911262,81.495168745592536652,0.863224190008095027
0.879195350246404272,179.215849522076410949,0.892561136884554407
0.133746329219896432,206.697784180322742031,0.728140778977432790
0.594530635519934791,78.988192478600964819,0.992769787493949507
0.115326885431382767,155.705327326454010972,0.517515125527414299
0.578111041102823409,156.452412864636386303,0.937622043676169081
0.266370507623184649,137.681708975595029187,0.849074041448263817
0.429804681137657851,88.459819230251355293,0.943394437606591807
0.420351065568825066,122.063228904931634133,0.758722584597078642
0.572446565989359391,168.317290388245112354,0.845755696054624639
0.001796675006709524,69.462900166241922761,0.818758162791432875
0.416958232346450464,120.042517602800700161,0.976458920079044890
0.336320182865773643,191.364738372627044782,0.569885691502017733
0.697809365512024771,181.691169666982773379,0.929052233628295920
0.797863633351799773,79.374128645961746997,0.810619439119480756
0.941059195268274973,186.569916449846800788,0.899627325136382217
0.539580409335858491,130.577301279306340120,0.986273231784494886
0.789533292105844109,166.977163949180976488,0.858532363831256085
0.375579510503655789,96.065841417218976517,0.863979907325766350
0.258446932712182498,118.589734915320548225,0.544934696962648513
0.533978957757890393,166.081848240098878478,0.804186142433977236
0.201518290246318482,43.609900665739665726,0.834436820332423501
0.757416598875025993,62.468110234040963746,0.905144234915207568
0.194039063196313671,195.817357320438162560,0.730828928260987554
0.585958398478316433,145.397832209918021817,0.980846185970641438
0.959089251238919638,144.983933372530174211,0.923673618646362327
0.946664680597626429,55.395874597628633751,0.902226646659954223
0.931703179967502626,138.019574680165021618,0.939720926884391128
0.422174673866386130,107.506924179690372512,0.766589491406931112
0.921106687410170322,157.366008541139080990,0.903204113381775642
0.356570661972689440,155.181855931354050426,0.792220253517348039
0.177360960742222490,48.179632822602968645,0.515394718927289719
0.405859537954527505,190.508956094816966242,0.745153331821998055
0.709794175747874179,199.748595040803337497,0.680660420363101482
0.916274538316931286,197.029657580761835334,0.701706586866281290
0.799931948722132913,126.368432687688198257,0.581971048511532252
0.439335378808487609,36.901697945276850987,0.729015718699623783
0.018438033170464545,111.755445623728633109,0.650013171377857635
0.099504373538246163,90.627614350130556886,0.891694032212524967
0.037155426750036816,57.491688207258171417,0.834668057975932909
0.257472131966607620,64.526022284192663392,0.533448926200589923
0.447038675422793297,134.754696888489348794,0.574319202353465674
0.904789043707512564,139.966559583340540485,0.987028327826454666
0.550943964278275744,46.625731527826957290,0.976989276773374993
0.304251095887083933,123.820309991567413022,0.554144370037672362
0.291343840189243031,47.228074210911884734,0.969201636885359763
0.535331834787949878,171.996294424592235828,0.982811505419279641
0.934916512202182193,159.811728023068695848,0.794466641223268044
0.279569179439079940,97.115998895542801961,0.619654612417190331
0.044604803715201834,153.693203989078057248,0.750145505625892550
0.769818088667682643,173.281871978643778220,0.892277875318932212
0.630573399095558207,191.920256996013250728,0.526320395738053670
0.685574463045009685,178.663507144502204937,0.942621867708770544
0.484437658994191445,172.622377011224273247,0.687363529307327803
0.829450900810335123,135.732998930550991190,0.907537183042367968
0.551651332864658062,95.589413950003972786,0.728991212121014587
0.496661666959001324,74.714412436529656247,0.581619178744551268
0.237712291892417854,63.414345517428351684,0.510421979895641642
0.490533142402069799,83.157853059484750702,0.735892675663495588
0.143012352890422550,163.490818805664531510,0.887880693706930790
0.385082120421063878,51.450528418319571244,0.561267658671540604
0.828346287584732166,155.401799300152276828,0.808759586847515810
0.520670051954245650,42.690651713539388368,0.575256998207213766
0.704323462996584215,127.677389915469944981,0.703761435717693562
0.499904573648678130,197.364664201283517286,0.789748778154183984
0.497552986156415966,119.431818190299352977,0.985081130355092593
0.276086474661227932,99.032343771620872985,0.914500939708640881
0.290786795638898476,171.796604573897269574,0.828771100026213237
0.448590767042530647,152.014814146438197895,0.705537744694360702
0.548804655183773304,162.404032113956759531,0.945989733091588514
0.795918366460491966,96.382577168092154807,0.684034015526952643
0.632210817965758065,188.166748985106494274,0.589600085696531551
0.767782937631620754,138.384428544865045296,0.694858779392994896
0.280780216138928562,58.264188340894968121,0.952486904740891704
0.769364576863020511,168.537943187194031225,0.515694773009013341
0.243889570529245758,189.313155679058610303,0.568718889538827099
0.747333755617525908,33.610067601923603320,0.560129877226617001
0.130423428801792030,123.822912381069542676,0.644274099262756805
0.283233469538700156,29.334644204646714627,0.572088870603914779
0.291715454853799183,160.625916380007851103,0.728568621215315404
0.691286323692751781,139.410343874164283307,0.571147318280289307
0.874898079087510050,115.572165603023577773,0.816509264230503740
0.067254854791001906,110.822789205969868931,0.944020361433605570
0.375354585696065390,144.829179805166546657,0.786801729047668985
0.747702631886210001,173.136842015460956645,0.647528092815033762
0.412050747475179224,70.989118541656523576,0.516536691793925362
0.617834707080180179,167.356091206930955195,0.569963162609686047
0.226244384082331690,183.826617123414962407,0.506763318945255836
0.698079438700484611,32.187208730532333334,0.791485991759382168
0.452626471252475682,124.690739498875558411,0.784586169689216018
0.299168013135837130,152.223703865515176403,0.528946455994821152
0.893197054802485013,77.311215030852054042,0.854877680268696594
0.376205659457331032,107.805444224393170316,0.920031027892343811
0.265277162728201565,86.010267177093624014,0.933427166607465608
0.455561944868846436,65.793254856778361273,0.792807195785868224
0.259781093280549269,199.019742529195440284,0.785637042598859026
0.116017137087961811,178.721395331476941237,0.909663730365810386
0.434623427363396986,113.165261407312485176,0.717977798324794358
0.801612019587267577,199.382333626549666405,0.881410220313692427
0.681117181881815914,213.947791023744287031,0.723614201414209957
0.908667371546967306,193.935412386068037449,0.606234819781172662
0.374969536459529740,30.397731861509871720,0.572777880276513662
0.578206525057395226,106.856569990485226640,0.946273859319224586
0.524963571061401679,58.145431497651095754,0.578918579445469650
0.310073701147205616,112.273194505971204649,0.744031712791752398
0.144083111635799010,164.971966183343482726,0.868088974564279248
0.918766142830019228,139.755954633791333208,0.844060260895832526
0.148555165101748321,148.980220321177370124,0.526386795831638499
0.385618350691085576,155.245629357640524404,0.570952208719613941
0.773279742235062684,207.733654853238078886,0.511511234840354989
0.838617893232088796,205.044489028364807837,0.610316027783681325
0.753234977933762595,138.534049027567533585,0.681567338968253722
0.007728611903485858,190.893671868161135308,0.520769174843416560
0.660345747872639111,106.392587890394693773,0.871662990483838218
0.828143959314819433,193.965435014674511649,0.599538494189184035
0.388391841260454618,35.784452823291267975,0.856067630590361395
0.443194374447496042,143.826012681890716749,0.551408009634743901
0.939645749993377022,147.951220177123303756,0.781751311001474103
0.290912916744761774,184.266530166843097049,0.993652960887482006
0.460786757320135409,210.144087694301219926,0.501487609659075240
0.486383000082003192,46.330232915379497172,0.740369121677201925
0.756675420724198355,175.382869788053341153,0.670807704895445944
0.001565900282251706,78.856494311923597706,0.507231042759314632
0.380465291105548720,191.423783387402920653,0.777103502349092645
0.634844274261540331,51.347658759164140463,0.612846382016874580
0.417716057762416548,171.895760881804875453,0.978131159131465644
0.843735955777174307,170.103867361539158765,0.930054507548553344
0.832493890648741797,206.512237667591335821,0.665092682738409602
0.527538865297888293,205.139709291502356336,0.517172161585352175
0.708124933704991855,184.324254587234065639,0.586036644248459471
0.792101467622763233,28.657500711328900422,0.699964507519841073
0.596140203435505556,84.623499399620044414,0.944574342890990959
0.943861342816939342,184.605934007376419004,0.767567359390533333
0.419693786640004673,211.896120209874368356,0.683357442485011957
0.228967787485457874,144.054795106532168347,0.811046404527613118
0.060468286715048059,159.140693852620216830,0.854565001057785767
0.589740580678050907,64.767008876498877612,0.994265713189742328
0.835032573313683635,161.242565298105489546,0.796851778199929806
0.314605025682161199,82.591406657826837545,0.584401044075167242
0.252523042480548299,103.525040918494184439,0.639433929871036644
0.683833672738707432,187.535573716883703810,0.560226731467687089
0.850807115126578917,182.063270327866916887,0.661824061274116748
0.116131668789077450,144.211952666289249692,0.911287396392252758
0.031403797819507868,98.665237415925915343,0.538416425450357394
0.010766007574693724,66.284299797368745999,0.854573086395342352
0.345266203535978755,168.457304666003238935,0.914501122148966283
0.143704349438478318,180.125135107219932706,0.561668148644953180
0.608722441302491424,63.530152026961104639,0.569573107994414296
0.707513277630650528,99.322429281928492628,0.843761438991331048
0.072593863766341707,178.516719335562925153,0.636282141377451205
0.738613630879116800,185.064696266806436142,0.645539516601266183
0.167980956988975777,42.939499372595911098,0.633090904589774794
0.327742088945108201,184.048577154523258059,0.807042002028677152
0.765203900864439346,134.253856190812570048,0.993849720578773077
0.550095664746540369,36.513705545164533817,0.892364620026610433
0.948899511810716634,124.186978465587714027,0.666386154252392449
0.557506456550154406,151.728941441950013314,0.837129000494279962
0.915547765672410696,152.423881500696495550,0.819200034434760527
0.043231934691921409,53.794451389761050564,0.834079441862788484
0.226739653022174192,180.299534487420856976,0.961265868589313399
0.898336962935404437,142.347807796022777893,0.645070641064382500
0.483507684500588064,43.062604933664133000,0.754482675994318841
0.241414477294828789,153.863747480951445823,0.551785666839604949
0.765099272514692674,176.511339746089277014,0.575711674584910016
0.392801790739205958,127.099235408564581462,0.603820074791720951
0.709879914192734440,94.762222507167109598,0.793515270952828367
0.750322729095723173,182.713228932619443867,0.753896209276700313
0.329312795194434182,188.647243837157418511,0.929755288979202676
0.370669588548899420,164.552173276886861686,0.853743134192822550
0.345734181088526993,160.956309333505998893,0.781837443648271457
0.507439125798171853,46.281783601983512710,0.534245341044114141
0.333162967542405597,28.086504943463310724,0.765211486455295686
0.653808861960457399,208.140792421013827607,0.571164899156978989
0.529789625075161807,64.154603582698214836,0.963617983700758240
0.353535626529221159,181.035203729651158255,0.747779269823965587
0.588900983902847397,102.192030795230351714,0.739941594275891568
0.898965034833125953,145.866008433249589871,0.942067968216605878
0.134916417182596032,69.745705746545525017,0.520694903558954869
0.916458626719686476,130.570603703797587514,0.795452514019835966
0.610816274619232935,149.187831347738949717,0.978559867457716059
0.758933082730803510,177.951351569912986861,0.882074724178462999
0.468861015820006666,52.151570258216523257,0.724879159476935486
0.971590944898071296,102.367011684915837577,0.848433139209023857
0.684813174957550008,222.568880446910753790,0.555820456271065022
0.426576709486466588,31.006626982564192474,0.567813044327667660
0.012595915656834074,79.874793954730307632,0.890284280314481924
0.395207287934978224,163.067079138020773144,0.984103274088269808
0.448976065354791232,74.497349535903552464,0.874679337288855940
0.221297348619431872,169.621636184536299652,0.653691439598816260
0.661323395610095122,65.796465238795775576,0.597641946355634612
0.789738261136930242,78.371757599368493175,0.733184540648609717
0.774817030729141765,152.763831583233468336,0.807503129317275192
0.465693154588457559,141.434906045758452819,0.593136445653461353
0.284892479577456281,179.705693039795761479,0.886179639769147709
0.417228837552581666,189.672364882442167300,0.791393188869516706
0.381095459674967552,83.415607039929867028,0.744059608501447034
0.459056879409933061,66.789923583212271296,0.720740872890738737
0.087205852934876982,56.065444964353183366,0.648631029860543107
0.624076588858948123,197.188856380492779863,0.619620839794745470
0.767748906529149844,180.958829437230718895,0.713817332073755972
0.419804777467552293,197.055920480244452619,0.711078674506102182
0.769500634413155415,103.972212914835651532,0.581949735610998387
0.736838568970815788,166.887407389578243055,0.723670119866794304
0.481121634338255888,92.408541841257587635,0.583071960830155334
0.954840477531982312,44.239922847789827642,0.598123517782991887
0.273098527906508626,150.606083012764713658,0.559642798541728159
0.691911116827357175,171.330225714118455471,0.894768107903927579
0.850944469051010510,151.188507432891867666,0.933230512394302991
0.180372988919573429,99.713500752863382104,0.674576159157177724
0.887739040699921711,156.186094621289072393,0.942837292855247755
0.569430411920971435,163.013176768060674249,0.849964054719325235
0.857068220738249176,171.886780615006301787,0.732733425873650424
0.800787940923232133,142.611396507249367005,0.919308055934739743
0.400322862558473713,172.373540008331275430,0.666525477686821466
0.536878883894585268,43.939449260965709243,0.975617273390347428
0.136364053785579004,59.441297550980785047,0.521168857039123079
0.012788518720264362,136.234139396297365465,0.728804850333727550
0.919711332069929832,188.402193685951459656,0.708353871326483198
0.368660085469918020,71.973880914529871689,0.941326985766411939
0.659566746716870989,169.576796216768428849,0.512762795383709946
0.639870624825916945,187.092743406814690843,0.802303315418696372
0.392408274313326311,145.486194968115540860,0.583737401511363663
0.224491330599180999,31.384656950393381436,0.736617691990421486
0.107149105697587704,157.174041658427341872,0.694389359308246745
0.312527444113362363,128.714061639788667435,0.650797182851734268
0.724347695379969125,197.217341416180715896,0.648360095105203871
0.006918932615475454,69.084006221246269774,0.873101637269855457
0.206829890570405656,86.351577297965860680,0.719495664694034476
0.624252114085488419,39.271465665224077668,0.954361587671495926
0.204382122487027390,214.574721001631530726,0.506021866108911533
0.911849570665820064,179.488907278020832337,0.631993073505651815
0.249756409836863841,145.422506424298802585,0.570213184604294376
0.213402991116983992,64.352671696111301003,0.511935441345134690
0.190266820369494466,154.227013114580216779,0.507901022218282261
0.329047467010861572,115.540202314255168403,0.871105544312178237
0.647583258231173797,175.145689691473819494,0.634233268128204575
0.019020082648278105,153.758452349306281803,0.915908341346330368
0.420458557264731969,133.243484426448560498,0.879003169456873401
0.188528198112155071,173.484827329319159617,0.929363739409338363
0.505858053754516868,181.988307484818278681,0.896262183818280600
0.024440160012824397,201.747675141481522587,0.913475013612412012
0.058853752734154254,29.925148008504237396,0.967238156063594312
0.797386208687004272,169.571996475304928254,0.971668031459524073
0.909828463930778653,188.759182651954517951,0.788828853663886775
0.735888888418166243,170.710061626006194047,0.544990510611550238
0.817255430923636950,136.062142712341852757,0.672860981480435827
0.379456421853772818,133.499985054748833591,0.692031238603859622
0.391242432761358450,185.395753674296884128,0.812212128110983866
0.211324571232759134,132.437919289403708945,0.603497819630482657
0.946346393724499024,149.471718394569961674,0.628690992030568552
0.948170307474944907,58.016793356286903816,0.806876515067424971
0.975655293590271255,181.475879497442264210,0.835159812275415026
0.357833618570249368,71.438136407707020226,0.668707354373646812
0.145126294119254845,172.732918942753599367,0.524092107631929593
0.652767949402777714,49.322780949835959063,0.913470309434670003
0.045181151117135998,52.054709345302839552,0.979453879608416234
0.940130175392597467,142.242426149893788079,0.989768492013473500
0.298184197309090959,118.459236009726225802,0.784740518647248031
0.076896591284443969,156.827035144018083201,0.615841777879681862
0.394029601004085850,114.273254336047941138,0.863517958161930221
0.229161501414112678,212.018502967649624225,0.654917724476092866
0.840079046349257563,166.524038508979828066,0.505823473535009449
0.622673565114950645,192.639548142805068665,0.783093346955808012
0.660671864004422904,188.721740530455036833,0.689819272906313286
0.886446956395315122,168.409132167111948775,0.612900575369489609
0.072752050350071276,181.539389056713673654,0.785683140678120728
0.858350451835032668,167.976979695926900149,0.913122070021983312
0.581078052116526078,37.702277549962907699,0.849375761982585464
0.099777168322496751,181.548394273047478009,0.738652003999629603
0.905816460864671935,182.958479821174677227,0.534608116536146039
0.957310886483514145,135.039671489603591681,0.923504871723831000
0.650964983886923587,44.319368300283798590,0.800054491431933301
0.762516804034152562,109.297637282871832554,0.712844118234965518
0.610818676200078570,158.898829723704977823,0.679565536553674354
0.136356992078493805,88.433816304912866713,0.827857731390315710
0.656082750614600196,194.968395686766939434,0.828641962790993003
0.110488263131995154,128.449465300460474282,0.804074293501464865
0.900095879318712266,158.483080510357439152,0.535878312179823846
0.164253629811621032,212.384408139597582021,0.900702489577680732
0.552260868993951548,104.644117652770148652,0.982451026346233602
0.211404859827361402,30.092862732800991665,0.555838200675396688
0.513486858386417055,152.178807422059321652,0.977115161917647579
0.558039835836867781,78.732233034190372223,0.601211306313531146
0.216802100822762772,169.210383337086341271,0.843932702211888763
0.920205506156159703,201.797199713714917380,0.763317311241254792
0.310465925684437316,41.387512681871498899,0.980708834556923925
0.836676422294732602,142.714252989179072983,0.561736738344036368
0.459760721311961496,30.515641676358967516,0.844484356808093528
0.042220390139091665,70.176961045370759962,0.853167807921530352
0.442586907098633853,37.342811958637867065,0.778237436358156343
0.390368134368245856,83.866288580709095868,0.676554321444098439
0.614800791821482062,32.762067096236101804,0.984980493735549301
0.212306002408222977,102.912722477645701247,0.825033036118155705
0.271670221174436455,188.245403282400133094,0.712499646878123283
0.010415344274595180,145.059739247598201928,0.954991089179679231
0.678485907488146078,203.043704651948445417,0.501422035004795763
0.581552411017757565,163.612993713304661014,0.558013273656005171
0.465517844665388203,186.739629230240666402,0.508441498038959550
0.624885050852630020,167.912841308753655767,0.774589343462692037
0.263634981810423663,171.750016637508053918,0.951948448819402659
0.448204321455778709,131.421984066296118954,0.706561170942196393
0.250555497223497015,44.093683204443323120,0.565457466721553281
0.015516516054191682,71.365827596317203074,0.532427103254158429
0.386434175907671096,162.840901760454386249,0.551991399858078102
0.320228944849470898,212.782838960904825854,0.531429344277457139
0.421407568288201140,47.946549994252627869,0.603181152072087112
0.883829571182510154,206.559993966729081194,0.506041432303837579
0.454041487445277447,27.699556937544780766,0.664616909781420961
0.574725314208544780,137.622977647481093300,0.782316693783263517
0.796158674436562519,199.155840178756562864,0.807987286013483685
0.640462074779026280,146.241088343221122159,0.835739767028475855
0.664441463994525305,177.914737952362315809,0.881953072729814935
0.325472997869362068,199.143318505580282363,0.703123643235908813
0.771846882850783289,158.398085015578345747,0.743044811961936391
0.647671299989762694,208.865051506620034161,0.784213124575109610
0.801378040972919981,164.561077391800949954,0.717123125261138639
0.154756895406611167,34.110583876341173948,0.971491658423173865
0.243585850854093677,30.422063854091778268,0.554689136672446903
0.309070696124344457,51.856071760321874820,0.912348065981208323
0.416895355353529395,33.424675692239979696,0.824213262109226075
0.596140804964053306,182.985257064380732572,0.713871672573260452
0.667375924047514113,167.181710237985470258,0.911066214115219264
0.314068916622073535,114.795183106350066282,0.522513213561154877
0.485948406007932432,58.252760301472214621,0.681862823911469684
0.122617531742907585,121.740058373259657287,0.566184939215790384
0.484674544739467472,165.328461890231722009,0.822136988629275534
0.663418585632451707,169.079076223583058436,0.595910532807790827
0.611543371627214838,178.422889187693670010,0.783572029200393150
0.162412467716372744,163.727328488195865930,0.656715705294570018
0.126033205037826473,194.375865952925721558,0.560974373979239438
0.790153325454426736,90.237013080929102671,0.842394154399767947
0.192560412292979655,158.263929828770471886,0.934182655408275275
0.446246572837681876,92.838355218481680708,0.816753533130920140
0.950867360668133821,150.062431810959083123,0.674615351031758070
0.043273957103748026,221.213753833930525161,0.600930417862826638
0.434161318492143677,33.259882875033952132,0.821781134457715612
0.693924575283913270,145.050207728233374382,0.734264524165456844
0.554090111712112754,40.279222610591340015,0.702799101046358565
0.651622847186382081,134.860636632147389946,0.937536106577048889
0.212445081426739818,40.211277377280254086,0.944854492351826059
0.538602197917371961,112.474052933317537395,0.510620563898752544
0.268985436753399976,171.423602862540434444,0.896891954476130682
0.796308431814551354,144.100957458226673680,0.935290494975216435
0.097873634783395447,158.202391830041335652,0.894006019582330391
0.792757044370542729,165.357170351364771932,0.779367114202193179
0.381164922372311976,41.962382613662690289,0.736918698588360899
0.599621247227274834,72.682351200210064235,0.774824287673804735
0.209012629653174298,65.526678716227650057,0.874284322349070497
0.641413013801922838,186.015640706007530980,0.854682748691345529
0.317366699501746397,112.993488143882828467,0.851815898377176861
0.434820780441555865,186.721354054892145768,0.647463163779065987
0.934576297229384290,187.931863161341368595,0.806575885903889733
0.272711008712149039,84.791397892533069580,0.573667494837561076
0.882129103270326675,85.008061359187237827,0.530381470782340325
0.736296060832016375,115.923994942674667641,0.930636955099752305
0.491663485259778543,111.637462465088532326,0.981582623855292269
0.373926439959843815,174.673127626924838296,0.919247147033283474
0.943810703211524493,182.255708102925751746,0.908305292039765844
0.186920440701551699,47.911109454194814816,0.766459726536813601
0.063171586585198600,52.979492551980477799,0.876090825599919798
0.761709044597424834,181.495149191515395160,0.576518759882162390
0.477444659538549532,118.941950471323750094,0.967303455724824901
0.384929980698387464,114.047885153202557262,0.889083559571600013
0.640312450859743421,60.949397577611719612,0.819948577699795011
0.340139746363276596,162.457361309285545303,0.648616266033125832
0.901847807545561042,137.931507642328057273,0.992825612743431618
0.549489525153277536,77.251322219457250640,0.594997194959021702
0.172546458806545122,186.097392215053673681,0.878354869288395235
0.621251357452314967,141.655002673489178733,0.779412646791345587
0.215447531271358211,142.224257190393615247,0.955724918206096063
0.258914264503382008,100.089796250998574578,0.791555859963378960
0.143904172142468700,197.397149605176252862,0.703935188673866286
0.721144078980281544,172.881846544413320999,0.606892569475986798
0.067772828846533989,158.089663987814049051,0.522090877902631645
0.965671635675601991,58.094708589595185799,0.546596299396998386
0.050835822887967459,41.127910979056387930,0.682850184550114148
0.252294322370867186,162.226992297961487566,0.822021397336366144
0.498549677402383373,137.876992111795516394,0.517815570083586363
0.543320558961882694,123.872237348212806296,0.964930063129727289
0.330753254676614872,154.543460645911835627,0.621464947183903882
0.087209294522107558,31.309931762716189496,0.666484147350612233
0.641849686600239999,137.475224403956445940,0.985587832972518285
0.606138277195936825,121.951161928509904442,0.784156108808052976
0.951067690160038559,177.838377864881920232,0.929853138014189007
0.052230585478252024,38.753286751921400821,0.938001810483029663
0.238673589451007362,177.419064028411071376,0.769648162335328623
0.611028212778597868,208.220238208197855556,0.648297247375941965
0.457743627707622835,205.261940178751871144,0.547297321799916414
0.295664928928488946,65.766845798153994451,0.905902624525739775
0.633638649529117082,38.126794852409616965,0.899779552887623124
0.296081975298032873,147.215656609418203971,0.633565367574110194
0.535575009726094176,92.578301028348761292,0.644032935600549861
0.567349190266199011,90.547264728663691358,0.871882468794307530
0.498660546955786432,99.028104386677469506,0.578299230532745345
0.212427924630460563,176.085645241958758334,0.888255095856359977
0.436285860235953837,138.554026903188287179,0.924678174493056892
0.170552316619962147,104.577263871038255161,0.773875169796562234
0.102741941599872572,35.552035039315271092,0.814295853597364117
0.565174450872354850,40.249710234925274221,0.927122934445411606
0.866110788742987081,202.459816352952373109,0.797631171197438649
0.894563285922621465,171.270167127813948582,0.593134966339757042
0.122196383243226042,54.910506593465555625,0.861893260185892518
0.456409078600094220,53.188226598638514986,0.566572216607974077
0.520685871242210774,186.586567455811859872,0.524889285512039616
0.751632226193662656,182.187182388544783862,0.556356513941684394
0.753657176433533693,187.389795584509641913,0.797378305832451062
0.214216517099271309,134.776611243915965588,0.603863824074643230
0.251915242481129120,66.113538195852839863,0.588087630932871752
0.376681600437753727,176.165283904455691300,0.726457524823987844
0.101935156583608924,48.570469860692554676,0.969095234930340554
0.924870316371345869,72.780858720161404563,0.711020295357431609
0.885202608282630199,112.313861772177531861,0.785390132887426096
0.567205581626665678,95.919253403070257491,0.888755104595492007
0.825316149175770009,116.734616357561634459,0.875336626975621535
0.608032452263514767,165.205936552495643355,0.763270435602614872
0.312341317881867420,213.772277470509891373,0.581850828631037209
0.434480917848787174,80.523719848879892425,0.830313267863584503
0.908621058388042302,134.418763762481489721,0.986466731307068301
0.428737192078503915,151.357521153309789952,0.984297477986508684
0.239645826198499667,44.479526772604785378,0.961828422964643881
0.929700791082788247,193.615462289106176286,0.806828676738873263
0.430150484720118409,177.203682972316983069,0.773366850677190354
0.179475618099736667,62.228675418385819285,0.724411388243703769
0.556798504835792629,207.856267831736943208,0.515726499199061550
0.324590241173123184,95.468245898292153129,0.517785280109610668
0.290983194687834013,191.553769484014537738,0.848601599096132087
0.351793423800037586,165.990463373375263245,0.668359884571177121
0.808100473633056371,211.254049218981663216,0.624965750143093413
0.813308710921986644,178.807626997489848009,0.759409119206670202
0.829997377146500681,193.545091124462885546,0.659584266956054099
0.859833782043222694,138.071383210614271775,0.992581251984194335
0.819335912700986935,164.941901941502521822,0.726163391739244934
0.610176307452523492,108.420568182112234012,0.666478537778777858
0.934170847954698846,170.412907150093190012,0.633235291956563140
0.193703389144249227,56.398604770886940685,0.510290462645079268
0.687040993474507089,169.175669428395963223,0.814992459087067189
0.698084933552661546,136.316371612454759088,0.598969254761347880
0.361743386044602211,103.302749436991149423,0.593552899780440457
0.733749422164928666,135.114252073190982628,0.842199258695007003
0.552599008705352723,100.333706744817732215,0.760170857496473285
0.857073769840154820,199.347058201603914540,0.774166312366935339
0.163280910710751348,211.716036251935520340,0.622371272094369155
0.681991480843167963,158.687302193792646676,0.795594793437033321
0.827401707875004111,124.317360105345585453,0.560141951114731640
0.368612907535721346,128.587463672033663897,0.852822622045626089
0.004312012621517429,87.668716208258587130,0.763593813508003372
0.125813683001070764,172.724308429152415556,0.549135958641176702
0.388970867336238757,172.561081797185295272,0.709207148287715139
0.545610347566700016,91.619300373888563627,0.996900156248925473
0.562382383759152060,155.042092529665325173,0.790316396393759391
0.510668397027532528,90.817227480302278764,0.853341195971206723
0.430604168996387648,174.072371474071275088,0.558532053048459431
0.365262564886311203,121.940343386509582047,0.920351196189476362
0.729712737358808483,215.426661876541572838,0.551734995370094516
0.200579951627863795,111.035167221234729595,0.785925948596951640
0.076696438767118666,34.384289514415542044,0.931690599470479164
0.678962335924898852,156.951852457342454272,0.889034564736346455
0.505483410200952665,161.733022009302999322,0.717484683814964885
0.474684040460629175,177.319162452730694213,0.898120366057813202
0.307506529860164857,84.752994817872249200,0.819601259834217943
0.154854369745652837,110.828953732958510159,0.825247132542119122
0.891690309862559372,171.836375171240234749,0.943402157223882765
0.826746253171535050,174.017024444118362680,0.662944623213981732
0.840520138815214146,172.442302293758217502,0.727445371091595683
0.058062849821211501,53.442245109629006095,0.559819434857365295
0.317605101134664225,146.525403277451516715,0.511142148511028238
0.229992793527871081,203.505209764905004022,0.558174308350557258
